fma_mmm_f32_16x5 16 5 10 232 335 2.23338717705e-05
fma_mmm_f32_16x6 16 6 10 232 335 2.29145631494e-05
fma_mmm_f32_8x8 8 8 10 232 335 2.78756547685e-05
fma_mmm_f32_24x4 24 4 10 232 335 3.20128551683e-05
fma_mmm_f32_32x3 32 3 10 232 335 4.45819917857e-05
fma_mmm_f32_40x2 40 2 10 232 335 5.8853996131e-05
fma_mmm_f32_32x1 32 1 10 232 335 0.000107287052717
fma_mmm_f32_64x1 64 1 10 232 335 0.000167225599262
fma_mmm_f32_16x6 16 6 105 76 156 2.82841910736e-05
fma_mmm_f32_24x4 24 4 105 76 156 2.93636351122e-05
fma_mmm_f32_16x5 16 5 105 76 156 2.99121674203e-05
fma_mmm_f32_32x3 32 3 105 76 156 3.15634786624e-05
fma_mmm_f32_40x2 40 2 105 76 156 3.33924943213e-05
fma_mmm_f32_8x8 8 8 105 76 156 3.60839983735e-05
fma_mmm_f32_64x1 64 1 105 76 156 0.000128651136916
fma_mmm_f32_32x1 32 1 105 76 156 0.000191691059095
fma_mmm_f32_8x8 8 8 4 305 298 1.69794894772e-05
fma_mmm_f32_16x5 16 5 4 305 298 2.47649875495e-05
fma_mmm_f32_16x6 16 6 4 305 298 2.51566457683e-05
fma_mmm_f32_24x4 24 4 4 305 298 3.6260725877e-05
fma_mmm_f32_32x3 32 3 4 305 298 4.8665838395e-05
fma_mmm_f32_40x2 40 2 4 305 298 6.49227097403e-05
fma_mmm_f32_32x1 32 1 4 305 298 0.000119151062918
fma_mmm_f32_64x1 64 1 4 305 298 0.000187848777587
fma_mmm_f32_24x4 24 4 66 12 130 6.47661609883e-06
fma_mmm_f32_16x5 16 5 66 12 130 7.10122272036e-06
fma_mmm_f32_16x6 16 6 66 12 130 7.17184236632e-06
fma_mmm_f32_32x3 32 3 66 12 130 7.66148027894e-06
fma_mmm_f32_8x8 8 8 66 12 130 7.90117666786e-06
fma_mmm_f32_40x2 40 2 66 12 130 9.3643946958e-06
fma_mmm_f32_64x1 64 1 66 12 130 7.82936082677e-05
fma_mmm_f32_32x1 32 1 66 12 130 8.25547728926e-05
fma_mmm_f32_24x4 24 4 217 10 398 5.56602991256e-05
fma_mmm_f32_16x6 16 6 217 10 398 5.65063271924e-05
fma_mmm_f32_16x5 16 5 217 10 398 5.94615897667e-05
fma_mmm_f32_32x3 32 3 217 10 398 6.13171349693e-05
fma_mmm_f32_8x8 8 8 217 10 398 6.39551851125e-05
fma_mmm_f32_40x2 40 2 217 10 398 6.57861531126e-05
fma_mmm_f32_64x1 64 1 217 10 398 0.000693609685
fma_mmm_f32_32x1 32 1 217 10 398 0.00073175799492
fma_mmm_f32_16x5 16 5 11 198 185 1.09566874411e-05
fma_mmm_f32_16x6 16 6 11 198 185 1.12460262467e-05
fma_mmm_f32_8x8 8 8 11 198 185 1.39953527894e-05
fma_mmm_f32_24x4 24 4 11 198 185 1.56536357722e-05
fma_mmm_f32_32x3 32 3 11 198 185 2.17557564906e-05
fma_mmm_f32_40x2 40 2 11 198 185 2.78539086072e-05
fma_mmm_f32_32x1 32 1 11 198 185 5.18908252618e-05
fma_mmm_f32_64x1 64 1 11 198 185 8.03485908492e-05
fma_mmm_f32_16x6 16 6 55 271 144 4.20124226002e-05
fma_mmm_f32_16x5 16 5 55 271 144 4.30437847096e-05
fma_mmm_f32_32x3 32 3 55 271 144 4.51089895475e-05
fma_mmm_f32_8x8 8 8 55 271 144 4.69632083636e-05
fma_mmm_f32_24x4 24 4 55 271 144 4.73835076356e-05
fma_mmm_f32_40x2 40 2 55 271 144 5.94361017917e-05
fma_mmm_f32_64x1 64 1 55 271 144 9.29746988902e-05
fma_mmm_f32_32x1 32 1 55 271 144 0.000143179551012
fma_mmm_f32_24x4 24 4 501 27 227 0.000100672830728
fma_mmm_f32_16x6 16 6 501 27 227 0.000103402654375
fma_mmm_f32_32x3 32 3 501 27 227 0.000104361678437
fma_mmm_f32_16x5 16 5 501 27 227 0.000109453776779
fma_mmm_f32_40x2 40 2 501 27 227 0.000115499770116
fma_mmm_f32_8x8 8 8 501 27 227 0.000124191214875
fma_mmm_f32_64x1 64 1 501 27 227 0.000953286322115
fma_mmm_f32_32x1 32 1 501 27 227 0.00107703819499
fma_mmm_f32_16x6 16 6 112 112 144 3.40017378121e-05
fma_mmm_f32_16x5 16 5 112 112 144 3.59838202091e-05
fma_mmm_f32_24x4 24 4 112 112 144 3.71171288348e-05
fma_mmm_f32_32x3 32 3 112 112 144 4.03236055061e-05
fma_mmm_f32_40x2 40 2 112 112 144 4.26154398291e-05
fma_mmm_f32_8x8 8 8 112 112 144 4.29478524464e-05
fma_mmm_f32_64x1 64 1 112 112 144 0.000139469179577
fma_mmm_f32_32x1 32 1 112 112 144 0.000203466411287
fma_mmm_f32_8x8 8 8 8 198 270 9.57489975262e-06
fma_mmm_f32_16x5 16 5 8 198 270 1.5599473625e-05
fma_mmm_f32_16x6 16 6 8 198 270 1.59373594303e-05
fma_mmm_f32_24x4 24 4 8 198 270 2.23595463615e-05
fma_mmm_f32_32x3 32 3 8 198 270 3.01713421795e-05
fma_mmm_f32_40x2 40 2 8 198 270 3.97606228822e-05
fma_mmm_f32_32x1 32 1 8 198 270 7.44531180451e-05
fma_mmm_f32_64x1 64 1 8 198 270 0.000115976799449
fma_mmm_f32_24x4 24 4 455 20 154 5.37088769041e-05
fma_mmm_f32_16x6 16 6 455 20 154 5.56397227891e-05
fma_mmm_f32_32x3 32 3 455 20 154 5.58878878652e-05
fma_mmm_f32_16x5 16 5 455 20 154 5.93587445887e-05
fma_mmm_f32_40x2 40 2 455 20 154 6.15585359771e-05
fma_mmm_f32_8x8 8 8 455 20 154 6.73753212162e-05
fma_mmm_f32_64x1 64 1 455 20 154 0.000621469041667
fma_mmm_f32_32x1 32 1 455 20 154 0.000659184592079
fma_mmm_f32_24x4 24 4 20 234 190 1.91255849133e-05
fma_mmm_f32_8x8 8 8 20 234 190 2.3901637475e-05
fma_mmm_f32_16x6 16 6 20 234 190 2.48616007722e-05
fma_mmm_f32_16x5 16 5 20 234 190 2.50567418703e-05
fma_mmm_f32_32x3 32 3 20 234 190 2.63871404945e-05
fma_mmm_f32_40x2 40 2 20 234 190 3.48205979021e-05
fma_mmm_f32_32x1 32 1 20 234 190 6.3296459793e-05
fma_mmm_f32_64x1 64 1 20 234 190 9.7631227451e-05
fma_mmm_f32_24x4 24 4 181 47 302 6.71658575676e-05
fma_mmm_f32_16x6 16 6 181 47 302 6.8725045768e-05
fma_mmm_f32_32x3 32 3 181 47 302 6.97642103175e-05
fma_mmm_f32_16x5 16 5 181 47 302 7.09698320346e-05
fma_mmm_f32_40x2 40 2 181 47 302 7.693208395e-05
fma_mmm_f32_8x8 8 8 181 47 302 8.01940776583e-05
fma_mmm_f32_64x1 64 1 181 47 302 0.000415433202509
fma_mmm_f32_32x1 32 1 181 47 302 0.000536190831155
fma_mmm_f32_16x6 16 6 175 39 143 2.76641658412e-05
fma_mmm_f32_24x4 24 4 175 39 143 2.84378481074e-05
fma_mmm_f32_16x5 16 5 175 39 143 2.91193734125e-05
fma_mmm_f32_32x3 32 3 175 39 143 2.94296177114e-05
fma_mmm_f32_40x2 40 2 175 39 143 3.2781917464e-05
fma_mmm_f32_8x8 8 8 175 39 143 3.30773606552e-05
fma_mmm_f32_64x1 64 1 175 39 143 0.000191469221923
fma_mmm_f32_32x1 32 1 175 39 143 0.000247993419118
fma_mmm_f32_32x3 32 3 225 11 93 1.41093005479e-05
fma_mmm_f32_24x4 24 4 225 11 93 1.4335001087e-05
fma_mmm_f32_16x6 16 6 225 11 93 1.49729634673e-05
fma_mmm_f32_16x5 16 5 225 11 93 1.61973431015e-05
fma_mmm_f32_40x2 40 2 225 11 93 1.64913907369e-05
fma_mmm_f32_8x8 8 8 225 11 93 1.710682e-05
fma_mmm_f32_64x1 64 1 225 11 93 0.000162999585859
fma_mmm_f32_32x1 32 1 225 11 93 0.000194022454657
fma_mmm_f32_16x6 16 6 27 123 326 2.59616459846e-05
fma_mmm_f32_16x5 16 5 27 123 326 2.63935392573e-05
fma_mmm_f32_8x8 8 8 27 123 326 3.13249863526e-05
fma_mmm_f32_32x3 32 3 27 123 326 3.1519588254e-05
fma_mmm_f32_24x4 24 4 27 123 326 3.56290690476e-05
fma_mmm_f32_40x2 40 2 27 123 326 3.74189803371e-05
fma_mmm_f32_32x1 32 1 27 123 326 6.96005892308e-05
fma_mmm_f32_64x1 64 1 27 123 326 7.71838435108e-05
fma_mmm_f32_16x5 16 5 197 192 73 5.40648781653e-05
fma_mmm_f32_16x6 16 6 197 192 73 5.42232910183e-05
fma_mmm_f32_24x4 24 4 197 192 73 5.49401034521e-05
fma_mmm_f32_40x2 40 2 197 192 73 5.68486037518e-05
fma_mmm_f32_32x3 32 3 197 192 73 5.72173511369e-05
fma_mmm_f32_8x8 8 8 197 192 73 6.81825595205e-05
fma_mmm_f32_64x1 64 1 197 192 73 0.000234792871379
fma_mmm_f32_32x1 32 1 197 192 73 0.000241449835701
fma_mmm_f32_16x6 16 6 37 98 258 2.45431980121e-05
fma_mmm_f32_24x4 24 4 37 98 258 2.47141622716e-05
fma_mmm_f32_16x5 16 5 37 98 258 2.55850831909e-05
fma_mmm_f32_8x8 8 8 37 98 258 2.6409600686e-05
fma_mmm_f32_40x2 40 2 37 98 258 2.88107250143e-05
fma_mmm_f32_32x3 32 3 37 98 258 3.21015658521e-05
fma_mmm_f32_64x1 64 1 37 98 258 5.13176062371e-05
fma_mmm_f32_32x1 32 1 37 98 258 0.000141506310204
fma_mmm_f32_16x6 16 6 63 99 351 4.62257368991e-05
fma_mmm_f32_16x5 16 5 63 99 351 4.76721641627e-05
fma_mmm_f32_24x4 24 4 63 99 351 4.99341599e-05
fma_mmm_f32_32x3 32 3 63 99 351 5.04017132595e-05
fma_mmm_f32_8x8 8 8 63 99 351 5.59786078771e-05
fma_mmm_f32_40x2 40 2 63 99 351 6.3429516879e-05
fma_mmm_f32_64x1 64 1 63 99 351 8.83311684071e-05
fma_mmm_f32_32x1 32 1 63 99 351 0.000206229882653
fma_mmm_f32_32x3 32 3 78 149 3 9.83722511591e-07
fma_mmm_f32_40x2 40 2 78 149 3 1.24679917051e-06
fma_mmm_f32_24x4 24 4 78 149 3 1.33255042556e-06
fma_mmm_f32_16x5 16 5 78 149 3 1.40843646425e-06
fma_mmm_f32_16x6 16 6 78 149 3 1.64926269046e-06
fma_mmm_f32_8x8 8 8 78 149 3 2.61802012513e-06
fma_mmm_f32_32x1 32 1 78 149 3 3.59137993226e-06
fma_mmm_f32_64x1 64 1 78 149 3 3.68889243756e-06
fma_mmm_f32_24x4 24 4 447 9 29 9.15442928225e-06
fma_mmm_f32_16x6 16 6 447 9 29 9.40550815197e-06
fma_mmm_f32_32x3 32 3 447 9 29 9.44006746835e-06
fma_mmm_f32_40x2 40 2 447 9 29 9.69272932683e-06
fma_mmm_f32_16x5 16 5 447 9 29 1.07804728788e-05
fma_mmm_f32_8x8 8 8 447 9 29 1.16124345422e-05
fma_mmm_f32_64x1 64 1 447 9 29 0.000100543010509
fma_mmm_f32_32x1 32 1 447 9 29 0.00011146855382
fma_mmm_f32_24x4 24 4 316 8 430 8.1341223252e-05
fma_mmm_f32_16x6 16 6 316 8 430 8.2674342096e-05
fma_mmm_f32_32x3 32 3 316 8 430 8.55316543887e-05
fma_mmm_f32_16x5 16 5 316 8 430 8.64942604995e-05
fma_mmm_f32_8x8 8 8 316 8 430 9.51283821429e-05
fma_mmm_f32_40x2 40 2 316 8 430 9.66563752169e-05
fma_mmm_f32_64x1 64 1 316 8 430 0.00100977963208
fma_mmm_f32_32x1 32 1 316 8 430 0.00116173869907
fma_mmm_f32_24x4 24 4 152 5 348 3.00039971988e-05
fma_mmm_f32_16x6 16 6 152 5 348 3.04449502814e-05
fma_mmm_f32_8x8 8 8 152 5 348 3.24472615909e-05
fma_mmm_f32_16x5 16 5 152 5 348 3.31090607641e-05
fma_mmm_f32_32x3 32 3 152 5 348 3.32971408436e-05
fma_mmm_f32_40x2 40 2 152 5 348 3.98493042454e-05
fma_mmm_f32_64x1 64 1 152 5 348 0.000405790865605
fma_mmm_f32_32x1 32 1 152 5 348 0.000422174802448
fma_mmm_f32_16x5 16 5 10 379 27 3.25281866384e-06
fma_mmm_f32_16x6 16 6 10 379 27 3.28091167586e-06
fma_mmm_f32_8x8 8 8 10 379 27 4.28864166506e-06
fma_mmm_f32_24x4 24 4 10 379 27 4.35109270706e-06
fma_mmm_f32_32x3 32 3 10 379 27 5.5958400787e-06
fma_mmm_f32_40x2 40 2 10 379 27 7.64142560826e-06
fma_mmm_f32_32x1 32 1 10 379 27 1.34805109531e-05
fma_mmm_f32_64x1 64 1 10 379 27 2.10998208073e-05
fma_mmm_f32_32x3 32 3 212 173 13 1.09367943833e-05
fma_mmm_f32_24x4 24 4 212 173 13 1.10173137266e-05
fma_mmm_f32_40x2 40 2 212 173 13 1.14934242076e-05
fma_mmm_f32_16x5 16 5 212 173 13 1.19562938013e-05
fma_mmm_f32_16x6 16 6 212 173 13 1.29004804317e-05
fma_mmm_f32_8x8 8 8 212 173 13 1.42660664275e-05
fma_mmm_f32_64x1 64 1 212 173 13 4.00938280645e-05
fma_mmm_f32_32x1 32 1 212 173 13 4.12274553306e-05
fma_mmm_f32_40x2 40 2 254 57 14 5.61019235181e-06
fma_mmm_f32_32x3 32 3 254 57 14 5.86838976553e-06
fma_mmm_f32_24x4 24 4 254 57 14 6.01227792294e-06
fma_mmm_f32_16x5 16 5 254 57 14 6.60185621828e-06
fma_mmm_f32_16x6 16 6 254 57 14 6.81633302183e-06
fma_mmm_f32_8x8 8 8 254 57 14 7.81169630673e-06
fma_mmm_f32_64x1 64 1 254 57 14 2.89379391089e-05
fma_mmm_f32_32x1 32 1 254 57 14 3.57582733427e-05
fma_mmm_f32_40x2 40 2 40 10 422 1.07391933606e-05
fma_mmm_f32_8x8 8 8 40 10 422 1.20869718754e-05
fma_mmm_f32_24x4 24 4 40 10 422 1.30441773332e-05
fma_mmm_f32_16x5 16 5 40 10 422 1.41836350759e-05
fma_mmm_f32_16x6 16 6 40 10 422 1.4316546796e-05
fma_mmm_f32_32x3 32 3 40 10 422 1.73427499499e-05
fma_mmm_f32_64x1 64 1 40 10 422 3.69933657037e-05
fma_mmm_f32_32x1 32 1 40 10 422 0.000145871030294
fma_mmm_f32_24x4 24 4 372 72 142 8.40205504644e-05
fma_mmm_f32_32x3 32 3 372 72 142 8.50273949051e-05
fma_mmm_f32_16x6 16 6 372 72 142 8.50408268152e-05
fma_mmm_f32_16x5 16 5 372 72 142 8.89993575036e-05
fma_mmm_f32_40x2 40 2 372 72 142 9.14068930912e-05
fma_mmm_f32_8x8 8 8 372 72 142 0.000103919363268
fma_mmm_f32_64x1 64 1 372 72 142 0.000481622423301
fma_mmm_f32_32x1 32 1 372 72 142 0.000590817552976
fma_mmm_f32_8x8 8 8 7 311 376 2.16013860434e-05
fma_mmm_f32_16x5 16 5 7 311 376 3.2430420819e-05
fma_mmm_f32_16x6 16 6 7 311 376 3.28738731061e-05
fma_mmm_f32_24x4 24 4 7 311 376 4.68225732011e-05
fma_mmm_f32_32x3 32 3 7 311 376 6.32192286792e-05
fma_mmm_f32_40x2 40 2 7 311 376 8.41146226891e-05
fma_mmm_f32_32x1 32 1 7 311 376 0.00015413643875
fma_mmm_f32_64x1 64 1 7 311 376 0.000243311463939
fma_mmm_f32_16x6 16 6 125 56 196 3.39437143878e-05
fma_mmm_f32_16x5 16 5 125 56 196 3.53261423675e-05
fma_mmm_f32_24x4 24 4 125 56 196 3.54973894944e-05
fma_mmm_f32_32x3 32 3 125 56 196 3.55839375e-05
fma_mmm_f32_8x8 8 8 125 56 196 4.14691930833e-05
fma_mmm_f32_40x2 40 2 125 56 196 4.21693961983e-05
fma_mmm_f32_64x1 64 1 125 56 196 0.000157878006984
fma_mmm_f32_32x1 32 1 125 56 196 0.000228456655538
fma_mmm_f32_16x5 16 5 56 170 235 4.66334504862e-05
fma_mmm_f32_16x6 16 6 56 170 235 4.6878791346e-05
fma_mmm_f32_32x3 32 3 56 170 235 4.94643715347e-05
fma_mmm_f32_8x8 8 8 56 170 235 5.09566226531e-05
fma_mmm_f32_24x4 24 4 56 170 235 5.10921956298e-05
fma_mmm_f32_40x2 40 2 56 170 235 6.31003638608e-05
fma_mmm_f32_64x1 64 1 56 170 235 0.000105061410633
fma_mmm_f32_32x1 32 1 56 170 235 0.000175878658482
fma_mmm_f32_24x4 24 4 510 2 391 0.00010052243129
fma_mmm_f32_16x6 16 6 510 2 391 0.000101848145252
fma_mmm_f32_32x3 32 3 510 2 391 0.000104420701456
fma_mmm_f32_16x5 16 5 510 2 391 0.000110117209622
fma_mmm_f32_8x8 8 8 510 2 391 0.000117207327154
fma_mmm_f32_40x2 40 2 510 2 391 0.0001172291
fma_mmm_f32_64x1 64 1 510 2 391 0.00156054503365
fma_mmm_f32_32x1 32 1 510 2 391 0.00170941561034
fma_mmm_f32_24x4 24 4 351 18 206 5.38992484865e-05
fma_mmm_f32_16x6 16 6 351 18 206 5.51136647514e-05
fma_mmm_f32_32x3 32 3 351 18 206 5.62676219439e-05
fma_mmm_f32_16x5 16 5 351 18 206 5.87421491239e-05
fma_mmm_f32_40x2 40 2 351 18 206 6.36662617949e-05
fma_mmm_f32_8x8 8 8 351 18 206 6.48617313988e-05
fma_mmm_f32_64x1 64 1 351 18 206 0.000603907203277
fma_mmm_f32_32x1 32 1 351 18 206 0.000636832400641
fma_mmm_f32_32x3 32 3 405 149 45 5.15187874601e-05
fma_mmm_f32_16x5 16 5 405 149 45 5.17006787565e-05
fma_mmm_f32_24x4 24 4 405 149 45 5.38445462189e-05
fma_mmm_f32_16x6 16 6 405 149 45 5.4695951569e-05
fma_mmm_f32_40x2 40 2 405 149 45 6.01429520531e-05
fma_mmm_f32_8x8 8 8 405 149 45 6.84650329321e-05
fma_mmm_f32_64x1 64 1 405 149 45 0.000247537333911
fma_mmm_f32_32x1 32 1 405 149 45 0.000259764726804
fma_mmm_f32_32x3 32 3 218 295 31 3.85737654451e-05
fma_mmm_f32_24x4 24 4 218 295 31 3.87516316865e-05
fma_mmm_f32_16x6 16 6 218 295 31 3.98162794694e-05
fma_mmm_f32_16x5 16 5 218 295 31 3.99720515663e-05
fma_mmm_f32_40x2 40 2 218 295 31 4.42928439556e-05
fma_mmm_f32_8x8 8 8 218 295 31 4.57782921759e-05
fma_mmm_f32_32x1 32 1 218 295 31 0.000131140469211
fma_mmm_f32_64x1 64 1 218 295 31 0.0001331121944
fma_mmm_f32_24x4 24 4 214 241 73 6.8120157318e-05
fma_mmm_f32_16x5 16 5 214 241 73 7.12076052857e-05
fma_mmm_f32_16x6 16 6 214 241 73 7.18908203597e-05
fma_mmm_f32_32x3 32 3 214 241 73 7.26785351113e-05
fma_mmm_f32_40x2 40 2 214 241 73 8.26759279461e-05
fma_mmm_f32_8x8 8 8 214 241 73 9.08887604106e-05
fma_mmm_f32_64x1 64 1 214 241 73 0.000265481179907
fma_mmm_f32_32x1 32 1 214 241 73 0.000274377429444
fma_mmm_f32_16x6 16 6 56 150 368 6.57466545588e-05
fma_mmm_f32_16x5 16 5 56 150 368 6.69345169128e-05
fma_mmm_f32_8x8 8 8 56 150 368 6.98604219114e-05
fma_mmm_f32_32x3 32 3 56 150 368 7.00175890867e-05
fma_mmm_f32_24x4 24 4 56 150 368 7.19017385364e-05
fma_mmm_f32_40x2 40 2 56 150 368 8.86637689394e-05
fma_mmm_f32_64x1 64 1 56 150 368 0.000150837388472
fma_mmm_f32_32x1 32 1 56 150 368 0.000258449064447
fma_mmm_f32_24x4 24 4 404 4 319 6.86120157931e-05
fma_mmm_f32_32x3 32 3 404 4 319 7.05203905881e-05
fma_mmm_f32_16x6 16 6 404 4 319 7.05799325532e-05
fma_mmm_f32_16x5 16 5 404 4 319 7.56960069396e-05
fma_mmm_f32_40x2 40 2 404 4 319 7.74891578776e-05
fma_mmm_f32_8x8 8 8 404 4 319 8.10331660508e-05
fma_mmm_f32_64x1 64 1 404 4 319 0.00107517854222
fma_mmm_f32_32x1 32 1 404 4 319 0.00112195762835
fma_mmm_f32_8x8 8 8 8 187 362 1.22441937357e-05
fma_mmm_f32_16x5 16 5 8 187 362 2.01357412298e-05
fma_mmm_f32_16x6 16 6 8 187 362 2.06877062875e-05
fma_mmm_f32_24x4 24 4 8 187 362 2.84707567714e-05
fma_mmm_f32_32x3 32 3 8 187 362 3.91499410938e-05
fma_mmm_f32_40x2 40 2 8 187 362 5.05952176355e-05
fma_mmm_f32_32x1 32 1 8 187 362 9.44509192381e-05
fma_mmm_f32_64x1 64 1 8 187 362 0.000147724889263
fma_mmm_f32_16x5 16 5 14 197 141 8.78626551099e-06
fma_mmm_f32_16x6 16 6 14 197 141 8.89385041852e-06
fma_mmm_f32_8x8 8 8 14 197 141 1.06955868723e-05
fma_mmm_f32_24x4 24 4 14 197 141 1.2141263414e-05
fma_mmm_f32_32x3 32 3 14 197 141 1.62952917759e-05
fma_mmm_f32_40x2 40 2 14 197 141 2.15797358499e-05
fma_mmm_f32_32x1 32 1 14 197 141 4.00518157085e-05
fma_mmm_f32_64x1 64 1 14 197 141 6.1455950742e-05
fma_mmm_f32_24x4 24 4 485 29 64 2.80077268777e-05
fma_mmm_f32_16x6 16 6 485 29 64 2.99734084348e-05
fma_mmm_f32_32x3 32 3 485 29 64 3.02400158182e-05
fma_mmm_f32_40x2 40 2 485 29 64 3.17859848644e-05
fma_mmm_f32_16x5 16 5 485 29 64 3.20944244705e-05
fma_mmm_f32_8x8 8 8 485 29 64 3.34541122572e-05
fma_mmm_f32_64x1 64 1 485 29 64 0.000267367428378
fma_mmm_f32_32x1 32 1 485 29 64 0.000303772468092
fma_mmm_f32_24x4 24 4 403 4 484 0.000103383557029
fma_mmm_f32_16x6 16 6 403 4 484 0.000106005161831
fma_mmm_f32_32x3 32 3 403 4 484 0.000107804132116
fma_mmm_f32_16x5 16 5 403 4 484 0.000113750873084
fma_mmm_f32_40x2 40 2 403 4 484 0.000118702842444
fma_mmm_f32_8x8 8 8 403 4 484 0.000122765972716
fma_mmm_f32_64x1 64 1 403 4 484 0.00164558518475
fma_mmm_f32_32x1 32 1 403 4 484 0.00171508071111
fma_mmm_f32_8x8 8 8 6 320 395 2.35660847294e-05
fma_mmm_f32_16x5 16 5 6 320 395 3.48317744003e-05
fma_mmm_f32_16x6 16 6 6 320 395 3.55095430102e-05
fma_mmm_f32_24x4 24 4 6 320 395 5.10768310391e-05
fma_mmm_f32_32x3 32 3 6 320 395 6.86288800418e-05
fma_mmm_f32_40x2 40 2 6 320 395 9.18298999074e-05
fma_mmm_f32_32x1 32 1 6 320 395 0.000167444387288
fma_mmm_f32_64x1 64 1 6 320 395 0.000264759554455
fma_mmm_f32_24x4 24 4 354 1 465 8.05116499194e-05
fma_mmm_f32_32x3 32 3 354 1 465 8.13714713951e-05
fma_mmm_f32_16x6 16 6 354 1 465 8.29515830663e-05
fma_mmm_f32_16x5 16 5 354 1 465 8.69114226804e-05
fma_mmm_f32_8x8 8 8 354 1 465 9.53360230321e-05
fma_mmm_f32_40x2 40 2 354 1 465 0.000100649134785
fma_mmm_f32_64x1 64 1 354 1 465 0.00132753619048
fma_mmm_f32_32x1 32 1 354 1 465 0.00149332557562
fma_mmm_f32_16x5 16 5 452 163 5 7.17791585181e-06
fma_mmm_f32_16x6 16 6 452 163 5 9.45976883813e-06
fma_mmm_f32_32x3 32 3 452 163 5 9.52761803272e-06
fma_mmm_f32_40x2 40 2 452 163 5 9.74196143979e-06
fma_mmm_f32_24x4 24 4 452 163 5 1.14239674658e-05
fma_mmm_f32_8x8 8 8 452 163 5 1.51698220513e-05
fma_mmm_f32_64x1 64 1 452 163 5 3.2675763272e-05
fma_mmm_f32_32x1 32 1 452 163 5 3.47975535178e-05
fma_mmm_f32_16x6 16 6 48 281 23 5.61838396663e-06
fma_mmm_f32_24x4 24 4 48 281 23 5.7142761954e-06
fma_mmm_f32_16x5 16 5 48 281 23 6.08406979027e-06
fma_mmm_f32_8x8 8 8 48 281 23 7.26238453623e-06
fma_mmm_f32_32x3 32 3 48 281 23 7.73618069695e-06
fma_mmm_f32_40x2 40 2 48 281 23 1.0191378197e-05
fma_mmm_f32_64x1 64 1 48 281 23 1.49724700566e-05
fma_mmm_f32_32x1 32 1 48 281 23 2.3435497277e-05
fma_mmm_f32_32x3 32 3 328 317 3 6.07407460502e-06
fma_mmm_f32_24x4 24 4 328 317 3 7.92714441388e-06
fma_mmm_f32_40x2 40 2 328 317 3 9.20400152028e-06
fma_mmm_f32_16x5 16 5 328 317 3 9.67692120882e-06
fma_mmm_f32_16x6 16 6 328 317 3 1.16694319251e-05
fma_mmm_f32_8x8 8 8 328 317 3 1.9017613093e-05
fma_mmm_f32_64x1 64 1 328 317 3 2.11333472383e-05
fma_mmm_f32_32x1 32 1 328 317 3 2.14571431538e-05
fma_mmm_f32_24x4 24 4 42 34 181 9.00444543686e-06
fma_mmm_f32_16x6 16 6 42 34 181 9.72811657541e-06
fma_mmm_f32_16x5 16 5 42 34 181 9.74191995117e-06
fma_mmm_f32_8x8 8 8 42 34 181 1.10322988589e-05
fma_mmm_f32_32x3 32 3 42 34 181 1.15412915905e-05
fma_mmm_f32_40x2 40 2 42 34 181 1.43243928865e-05
fma_mmm_f32_64x1 64 1 42 34 181 2.13353051142e-05
fma_mmm_f32_32x1 32 1 42 34 181 7.2557690365e-05
fma_mmm_f32_16x5 16 5 13 283 292 2.45097149877e-05
fma_mmm_f32_16x6 16 6 13 283 292 2.45665348276e-05
fma_mmm_f32_8x8 8 8 13 283 292 3.01693729098e-05
fma_mmm_f32_24x4 24 4 13 283 292 3.44091849655e-05
fma_mmm_f32_32x3 32 3 13 283 292 4.7108146275e-05
fma_mmm_f32_40x2 40 2 13 283 292 6.30208533755e-05
fma_mmm_f32_32x1 32 1 13 283 292 0.000113979586437
fma_mmm_f32_64x1 64 1 13 283 292 0.000177386751128
fma_mmm_f32_24x4 24 4 418 334 4 1.04905354381e-05
fma_mmm_f32_40x2 40 2 418 334 4 1.2952685056e-05
fma_mmm_f32_16x5 16 5 418 334 4 1.36834549931e-05
fma_mmm_f32_16x6 16 6 418 334 4 1.59855898448e-05
fma_mmm_f32_32x3 32 3 418 334 4 1.70759821368e-05
fma_mmm_f32_8x8 8 8 418 334 4 2.58012461757e-05
fma_mmm_f32_64x1 64 1 418 334 4 3.59318050181e-05
fma_mmm_f32_32x1 32 1 418 334 4 3.92891521633e-05
fma_mmm_f32_24x4 24 4 254 141 80 5.55036142778e-05
fma_mmm_f32_16x5 16 5 254 141 80 5.60040960112e-05
fma_mmm_f32_16x6 16 6 254 141 80 5.67288331038e-05
fma_mmm_f32_32x3 32 3 254 141 80 5.73263538673e-05
fma_mmm_f32_40x2 40 2 254 141 80 6.54310075658e-05
fma_mmm_f32_8x8 8 8 254 141 80 6.73377542568e-05
fma_mmm_f32_64x1 64 1 254 141 80 0.000237473346905
fma_mmm_f32_32x1 32 1 254 141 80 0.000271828401389
fma_mmm_f32_24x4 24 4 47 13 250 9.04102594087e-06
fma_mmm_f32_16x5 16 5 47 13 250 9.65504059903e-06
fma_mmm_f32_16x6 16 6 47 13 250 9.86803870062e-06
fma_mmm_f32_8x8 8 8 47 13 250 1.06015185684e-05
fma_mmm_f32_32x3 32 3 47 13 250 1.17542177564e-05
fma_mmm_f32_40x2 40 2 47 13 250 1.42631971148e-05
fma_mmm_f32_64x1 64 1 47 13 250 2.88554466548e-05
fma_mmm_f32_32x1 32 1 47 13 250 9.13748482068e-05
fma_mmm_f32_24x4 24 4 375 3 49 1.03872311549e-05
fma_mmm_f32_32x3 32 3 375 3 49 1.06190894543e-05
fma_mmm_f32_16x6 16 6 375 3 49 1.11984102237e-05
fma_mmm_f32_40x2 40 2 375 3 49 1.1645209555e-05
fma_mmm_f32_16x5 16 5 375 3 49 1.22112679315e-05
fma_mmm_f32_8x8 8 8 375 3 49 1.36613428162e-05
fma_mmm_f32_64x1 64 1 375 3 49 0.00014089153189
fma_mmm_f32_32x1 32 1 375 3 49 0.000156860025617
fma_mmm_f32_24x4 24 4 103 22 296 2.71472741962e-05
fma_mmm_f32_16x6 16 6 103 22 296 2.77782819464e-05
fma_mmm_f32_16x5 16 5 103 22 296 2.8720113799e-05
fma_mmm_f32_32x3 32 3 103 22 296 2.9651695677e-05
fma_mmm_f32_8x8 8 8 103 22 296 3.00103234431e-05
fma_mmm_f32_40x2 40 2 103 22 296 3.42738837576e-05
fma_mmm_f32_64x1 64 1 103 22 296 0.000202759362857
fma_mmm_f32_32x1 32 1 103 22 296 0.000294162245
fma_mmm_f32_40x2 40 2 38 452 153 5.32275430319e-05
fma_mmm_f32_24x4 24 4 38 452 153 5.56518940805e-05
fma_mmm_f32_16x6 16 6 38 452 153 5.57941153073e-05
fma_mmm_f32_16x5 16 5 38 452 153 5.66453235227e-05
fma_mmm_f32_8x8 8 8 38 452 153 6.05108510909e-05
fma_mmm_f32_32x3 32 3 38 452 153 7.27930976083e-05
fma_mmm_f32_64x1 64 1 38 452 153 0.000147525071045
fma_mmm_f32_32x1 32 1 38 452 153 0.000216337027009
fma_mmm_f32_8x8 8 8 3 500 242 2.13807234402e-05
fma_mmm_f32_16x5 16 5 3 500 242 3.25334656818e-05
fma_mmm_f32_16x6 16 6 3 500 242 3.28491248684e-05
fma_mmm_f32_24x4 24 4 3 500 242 4.7113524438e-05
fma_mmm_f32_32x3 32 3 3 500 242 6.28445851847e-05
fma_mmm_f32_40x2 40 2 3 500 242 8.41145205042e-05
fma_mmm_f32_32x1 32 1 3 500 242 0.000154727526454
fma_mmm_f32_64x1 64 1 3 500 242 0.000246323525248
fma_mmm_f32_16x6 16 6 16 184 144 7.5717376634e-06
fma_mmm_f32_16x5 16 5 16 184 144 7.83834233054e-06
fma_mmm_f32_8x8 8 8 16 184 144 9.61969494027e-06
fma_mmm_f32_24x4 24 4 16 184 144 1.1713561649e-05
fma_mmm_f32_32x3 32 3 16 184 144 1.61197945973e-05
fma_mmm_f32_40x2 40 2 16 184 144 2.09567900561e-05
fma_mmm_f32_32x1 32 1 16 184 144 3.91110029528e-05
fma_mmm_f32_64x1 64 1 16 184 144 6.04614318335e-05
fma_mmm_f32_24x4 24 4 46 74 376 2.97099824735e-05
fma_mmm_f32_16x6 16 6 46 74 376 3.12107300312e-05
fma_mmm_f32_16x5 16 5 46 74 376 3.12718969906e-05
fma_mmm_f32_8x8 8 8 46 74 376 3.65960744811e-05
fma_mmm_f32_32x3 32 3 46 74 376 3.92543696204e-05
fma_mmm_f32_40x2 40 2 46 74 376 4.90245785294e-05
fma_mmm_f32_64x1 64 1 46 74 376 6.77851357823e-05
fma_mmm_f32_32x1 32 1 46 74 376 0.000190181778045
fma_mmm_f32_16x5 16 5 341 251 20 3.09137450621e-05
fma_mmm_f32_24x4 24 4 341 251 20 3.10811714019e-05
fma_mmm_f32_32x3 32 3 341 251 20 3.42901815374e-05
fma_mmm_f32_40x2 40 2 341 251 20 3.71018237918e-05
fma_mmm_f32_16x6 16 6 341 251 20 3.72539842322e-05
fma_mmm_f32_8x8 8 8 341 251 20 4.66175045794e-05
fma_mmm_f32_64x1 64 1 341 251 20 0.000122950729393
fma_mmm_f32_32x1 32 1 341 251 20 0.000126148786203
fma_mmm_f32_24x4 24 4 81 331 122 6.67966591946e-05
fma_mmm_f32_16x6 16 6 81 331 122 6.72599972973e-05
fma_mmm_f32_16x5 16 5 81 331 122 6.74004024707e-05
fma_mmm_f32_32x3 32 3 81 331 122 6.78168525342e-05
fma_mmm_f32_8x8 8 8 81 331 122 7.92313358697e-05
fma_mmm_f32_40x2 40 2 81 331 122 8.87857708036e-05
fma_mmm_f32_32x1 32 1 81 331 122 0.000224291959046
fma_mmm_f32_64x1 64 1 81 331 122 0.000236748054286
fma_mmm_f32_24x4 24 4 498 266 27 6.77017149105e-05
fma_mmm_f32_32x3 32 3 498 266 27 6.86736248966e-05
fma_mmm_f32_16x6 16 6 498 266 27 7.14086623741e-05
fma_mmm_f32_16x5 16 5 498 266 27 7.37185951111e-05
fma_mmm_f32_40x2 40 2 498 266 27 8.54719065812e-05
fma_mmm_f32_8x8 8 8 498 266 27 9.52283151709e-05
fma_mmm_f32_64x1 64 1 498 266 27 0.000247095209184
fma_mmm_f32_32x1 32 1 498 266 27 0.000264963040265
fma_mmm_f32_16x6 16 6 254 335 41 6.14772688889e-05
fma_mmm_f32_32x3 32 3 254 335 41 6.4321849418e-05
fma_mmm_f32_24x4 24 4 254 335 41 6.70206164865e-05
fma_mmm_f32_16x5 16 5 254 335 41 6.70942269333e-05
fma_mmm_f32_40x2 40 2 254 335 41 7.71440445385e-05
fma_mmm_f32_8x8 8 8 254 335 41 8.79202880129e-05
fma_mmm_f32_64x1 64 1 254 335 41 0.000189161593962
fma_mmm_f32_32x1 32 1 254 335 41 0.000220827976444
fma_mmm_f32_8x8 8 8 8 129 346 8.71944243243e-06
fma_mmm_f32_16x5 16 5 8 129 346 1.46540797908e-05
fma_mmm_f32_16x6 16 6 8 129 346 1.50358738969e-05
fma_mmm_f32_24x4 24 4 8 129 346 2.03025165504e-05
fma_mmm_f32_32x3 32 3 8 129 346 2.76539919476e-05
fma_mmm_f32_40x2 40 2 8 129 346 3.55808843431e-05
fma_mmm_f32_32x1 32 1 8 129 346 6.77366341497e-05
fma_mmm_f32_64x1 64 1 8 129 346 8.0460232e-05
fma_mmm_f32_16x5 16 5 14 236 295 2.08479105208e-05
fma_mmm_f32_16x6 16 6 14 236 295 2.15640355172e-05
fma_mmm_f32_8x8 8 8 14 236 295 2.57116084278e-05
fma_mmm_f32_24x4 24 4 14 236 295 2.96694808345e-05
fma_mmm_f32_32x3 32 3 14 236 295 4.07910172245e-05
fma_mmm_f32_40x2 40 2 14 236 295 5.43049733144e-05
fma_mmm_f32_32x1 32 1 14 236 295 9.94980288e-05
fma_mmm_f32_64x1 64 1 14 236 295 0.000153634466275
fma_mmm_f32_16x5 16 5 161 334 5 5.14827325313e-06
fma_mmm_f32_16x6 16 6 161 334 5 6.46134909948e-06
fma_mmm_f32_32x3 32 3 161 334 5 6.89076255846e-06
fma_mmm_f32_40x2 40 2 161 334 5 7.63063888889e-06
fma_mmm_f32_24x4 24 4 161 334 5 7.88709312639e-06
fma_mmm_f32_8x8 8 8 161 334 5 1.00410990432e-05
fma_mmm_f32_64x1 64 1 161 334 5 1.61845747642e-05
fma_mmm_f32_32x1 32 1 161 334 5 1.97257962475e-05
fma_mmm_f32_24x4 24 4 495 390 19 6.90953517361e-05
fma_mmm_f32_16x5 16 5 495 390 19 6.95151134028e-05
fma_mmm_f32_32x3 32 3 495 390 19 7.85436958059e-05
fma_mmm_f32_16x6 16 6 495 390 19 7.99814270079e-05
fma_mmm_f32_40x2 40 2 495 390 19 9.35292527358e-05
fma_mmm_f32_8x8 8 8 495 390 19 0.000101394095204
fma_mmm_f32_32x1 32 1 495 390 19 0.000240637376917
fma_mmm_f32_64x1 64 1 495 390 19 0.000250415246729
fma_mmm_f32_32x3 32 3 256 286 26 3.50272272281e-05
fma_mmm_f32_24x4 24 4 256 286 26 3.6917414797e-05
fma_mmm_f32_16x6 16 6 256 286 26 3.76619001887e-05
fma_mmm_f32_16x5 16 5 256 286 26 3.89046417055e-05
fma_mmm_f32_40x2 40 2 256 286 26 4.06021619433e-05
fma_mmm_f32_8x8 8 8 256 286 26 5.16014164948e-05
fma_mmm_f32_64x1 64 1 256 286 26 0.000120592291286
fma_mmm_f32_32x1 32 1 256 286 26 0.000133092779101
fma_mmm_f32_16x6 16 6 29 233 287 3.87373486047e-05
fma_mmm_f32_16x5 16 5 29 233 287 3.96793297333e-05
fma_mmm_f32_32x3 32 3 29 233 287 4.37883617647e-05
fma_mmm_f32_8x8 8 8 29 233 287 4.80447014904e-05
fma_mmm_f32_24x4 24 4 29 233 287 5.56049176023e-05
fma_mmm_f32_40x2 40 2 29 233 287 5.60025189969e-05
fma_mmm_f32_32x1 32 1 29 233 287 0.000101525925347
fma_mmm_f32_64x1 64 1 29 233 287 0.000153915310781
fma_mmm_f32_24x4 24 4 459 65 62 4.42725791111e-05
fma_mmm_f32_32x3 32 3 459 65 62 4.46314724664e-05
fma_mmm_f32_16x6 16 6 459 65 62 4.56870981505e-05
fma_mmm_f32_40x2 40 2 459 65 62 4.58528024885e-05
fma_mmm_f32_16x5 16 5 459 65 62 4.72985433175e-05
fma_mmm_f32_8x8 8 8 459 65 62 5.52779875926e-05
fma_mmm_f32_64x1 64 1 459 65 62 0.000286985769031
fma_mmm_f32_32x1 32 1 459 65 62 0.00032384719802
fma_mmm_f32_24x4 24 4 48 391 139 4.38850903965e-05
fma_mmm_f32_16x5 16 5 48 391 139 4.45875135309e-05
fma_mmm_f32_16x6 16 6 48 391 139 4.50774938526e-05
fma_mmm_f32_8x8 8 8 48 391 139 5.69382527273e-05
fma_mmm_f32_32x3 32 3 48 391 139 6.04644878236e-05
fma_mmm_f32_40x2 40 2 48 391 139 7.91571991342e-05
fma_mmm_f32_64x1 64 1 48 391 139 0.00012009157235
fma_mmm_f32_32x1 32 1 48 391 139 0.000178514854905
fma_mmm_f32_16x5 16 5 14 415 148 1.73727656781e-05
fma_mmm_f32_16x6 16 6 14 415 148 1.75665013451e-05
fma_mmm_f32_8x8 8 8 14 415 148 2.15390053003e-05
fma_mmm_f32_24x4 24 4 14 415 148 2.45879996332e-05
fma_mmm_f32_32x3 32 3 14 415 148 3.35413587279e-05
fma_mmm_f32_40x2 40 2 14 415 148 4.43507899439e-05
fma_mmm_f32_32x1 32 1 14 415 148 8.13954993443e-05
fma_mmm_f32_64x1 64 1 14 415 148 0.000128000862308
fma_mmm_f32_16x6 16 6 321 122 29 2.41505798043e-05
fma_mmm_f32_32x3 32 3 321 122 29 2.48545944389e-05
fma_mmm_f32_24x4 24 4 321 122 29 2.51677898485e-05
fma_mmm_f32_16x5 16 5 321 122 29 2.57244707627e-05
fma_mmm_f32_40x2 40 2 321 122 29 2.6628096808e-05
fma_mmm_f32_8x8 8 8 321 122 29 3.20976860892e-05
fma_mmm_f32_64x1 64 1 321 122 29 0.00012037259122
fma_mmm_f32_32x1 32 1 321 122 29 0.000131246679559
fma_mmm_f32_16x6 16 6 122 81 119 2.67305679855e-05
fma_mmm_f32_16x5 16 5 122 81 119 2.75241143946e-05
fma_mmm_f32_32x3 32 3 122 81 119 2.77615340722e-05
fma_mmm_f32_24x4 24 4 122 81 119 2.86209208832e-05
fma_mmm_f32_8x8 8 8 122 81 119 3.30647939073e-05
fma_mmm_f32_40x2 40 2 122 81 119 3.33401429681e-05
fma_mmm_f32_64x1 64 1 122 81 119 0.000106302061855
fma_mmm_f32_32x1 32 1 122 81 119 0.000154650242969
fma_mmm_f32_16x6 16 6 83 220 59 2.21701589579e-05
fma_mmm_f32_24x4 24 4 83 220 59 2.22168940944e-05
fma_mmm_f32_16x5 16 5 83 220 59 2.28547726001e-05
fma_mmm_f32_32x3 32 3 83 220 59 2.3415282001e-05
fma_mmm_f32_8x8 8 8 83 220 59 2.76708800552e-05
fma_mmm_f32_40x2 40 2 83 220 59 3.06425605215e-05
fma_mmm_f32_32x1 32 1 83 220 59 8.48457280342e-05
fma_mmm_f32_64x1 64 1 83 220 59 8.89854246934e-05
fma_mmm_f32_24x4 24 4 155 59 236 5.30172855319e-05
fma_mmm_f32_16x6 16 6 155 59 236 5.3532486828e-05
fma_mmm_f32_16x5 16 5 155 59 236 5.48223571823e-05
fma_mmm_f32_32x3 32 3 155 59 236 5.50504996045e-05
fma_mmm_f32_40x2 40 2 155 59 236 6.01180536692e-05
fma_mmm_f32_8x8 8 8 155 59 236 6.51548011765e-05
fma_mmm_f32_64x1 64 1 155 59 236 0.000334330811851
fma_mmm_f32_32x1 32 1 155 59 236 0.000367787280741
fma_mmm_f32_16x5 16 5 14 152 186 9.48206745714e-06
fma_mmm_f32_16x6 16 6 14 152 186 9.5490235148e-06
fma_mmm_f32_8x8 8 8 14 152 186 1.1594928639e-05
fma_mmm_f32_24x4 24 4 14 152 186 1.2935464783e-05
fma_mmm_f32_32x3 32 3 14 152 186 1.76135374479e-05
fma_mmm_f32_40x2 40 2 14 152 186 2.3021985058e-05
fma_mmm_f32_32x1 32 1 14 152 186 4.3456888087e-05
fma_mmm_f32_64x1 64 1 14 152 186 6.50068614379e-05
fma_mmm_f32_24x4 24 4 17 389 55 8.94376500385e-06
fma_mmm_f32_8x8 8 8 17 389 55 1.12740808882e-05
fma_mmm_f32_16x5 16 5 17 389 55 1.17919812096e-05
fma_mmm_f32_32x3 32 3 17 389 55 1.22697830873e-05
fma_mmm_f32_16x6 16 6 17 389 55 1.26032557734e-05
fma_mmm_f32_40x2 40 2 17 389 55 1.60056620257e-05
fma_mmm_f32_32x1 32 1 17 389 55 2.89025973357e-05
fma_mmm_f32_64x1 64 1 17 389 55 4.50043902372e-05
fma_mmm_f32_32x3 32 3 100 463 3 3.07344920299e-06
fma_mmm_f32_24x4 24 4 100 463 3 3.95891341649e-06
fma_mmm_f32_40x2 40 2 100 463 3 4.16419793519e-06
fma_mmm_f32_16x5 16 5 100 463 3 4.58514842057e-06
fma_mmm_f32_16x6 16 6 100 463 3 5.47642314948e-06
fma_mmm_f32_64x1 64 1 100 463 3 7.5612746347e-06
fma_mmm_f32_8x8 8 8 100 463 3 8.47025538723e-06
fma_mmm_f32_32x1 32 1 100 463 3 9.59303642994e-06
fma_mmm_f32_24x4 24 4 93 49 373 4.41414312389e-05
fma_mmm_f32_16x6 16 6 93 49 373 4.57078113648e-05
fma_mmm_f32_16x5 16 5 93 49 373 4.65838341837e-05
fma_mmm_f32_32x3 32 3 93 49 373 4.87616599497e-05
fma_mmm_f32_8x8 8 8 93 49 373 5.45491904841e-05
fma_mmm_f32_40x2 40 2 93 49 373 5.89744559412e-05
fma_mmm_f32_64x1 64 1 93 49 373 0.000279468087172
fma_mmm_f32_32x1 32 1 93 49 373 0.000302661352424
fma_mmm_f32_8x8 8 8 7 453 303 2.47081396975e-05
fma_mmm_f32_16x5 16 5 7 453 303 3.78514813308e-05
fma_mmm_f32_16x6 16 6 7 453 303 3.84655718992e-05
fma_mmm_f32_24x4 24 4 7 453 303 5.46368854396e-05
fma_mmm_f32_32x3 32 3 7 453 303 7.33016201471e-05
fma_mmm_f32_40x2 40 2 7 453 303 9.79989751364e-05
fma_mmm_f32_32x1 32 1 7 453 303 0.000178893412601
fma_mmm_f32_64x1 64 1 7 453 303 0.00028325058557
fma_mmm_f32_8x8 8 8 8 341 494 2.94998206508e-05
fma_mmm_f32_16x5 16 5 8 341 494 4.72937893396e-05
fma_mmm_f32_16x6 16 6 8 341 494 4.83945517598e-05
fma_mmm_f32_24x4 24 4 8 341 494 6.85688922964e-05
fma_mmm_f32_32x3 32 3 8 341 494 9.23745681481e-05
fma_mmm_f32_40x2 40 2 8 341 494 0.000123592573125
fma_mmm_f32_32x1 32 1 8 341 494 0.000226057160455
fma_mmm_f32_64x1 64 1 8 341 494 0.000354520009643
fma_mmm_f32_16x6 16 6 59 295 172 5.60922488934e-05
fma_mmm_f32_16x5 16 5 59 295 172 5.70202834757e-05
fma_mmm_f32_32x3 32 3 59 295 172 5.95652736905e-05
fma_mmm_f32_24x4 24 4 59 295 172 6.2425143e-05
fma_mmm_f32_8x8 8 8 59 295 172 7.15922377857e-05
fma_mmm_f32_40x2 40 2 59 295 172 7.76159767969e-05
fma_mmm_f32_64x1 64 1 59 295 172 0.000121786307805
fma_mmm_f32_32x1 32 1 59 295 172 0.000184715472222
fma_mmm_f32_24x4 24 4 265 9 451 7.60584241985e-05
fma_mmm_f32_16x6 16 6 265 9 451 7.69773762016e-05
fma_mmm_f32_32x3 32 3 265 9 451 7.84163439844e-05
fma_mmm_f32_16x5 16 5 265 9 451 8.15197035933e-05
fma_mmm_f32_8x8 8 8 265 9 451 8.89652816071e-05
fma_mmm_f32_40x2 40 2 265 9 451 8.94841223041e-05
fma_mmm_f32_64x1 64 1 265 9 451 0.00105655654895
fma_mmm_f32_32x1 32 1 265 9 451 0.0011014859912
fma_mmm_f32_16x6 16 6 107 223 148 6.53213466693e-05
fma_mmm_f32_16x5 16 5 107 223 148 6.68340204698e-05
fma_mmm_f32_24x4 24 4 107 223 148 6.88117228535e-05
fma_mmm_f32_32x3 32 3 107 223 148 7.68062340769e-05
fma_mmm_f32_40x2 40 2 107 223 148 7.97100238889e-05
fma_mmm_f32_8x8 8 8 107 223 148 8.39388074944e-05
fma_mmm_f32_64x1 64 1 107 223 148 0.000229297606954
fma_mmm_f32_32x1 32 1 107 223 148 0.000294956850095
fma_mmm_f32_16x5 16 5 51 307 62 2.20204334048e-05
fma_mmm_f32_16x6 16 6 51 307 62 2.20635873592e-05
fma_mmm_f32_32x3 32 3 51 307 62 2.21628105298e-05
fma_mmm_f32_8x8 8 8 51 307 62 2.38375041093e-05
fma_mmm_f32_24x4 24 4 51 307 62 2.41083970631e-05
fma_mmm_f32_40x2 40 2 51 307 62 2.90621442566e-05
fma_mmm_f32_64x1 64 1 51 307 62 4.4625701001e-05
fma_mmm_f32_32x1 32 1 51 307 62 6.7996067819e-05
fma_mmm_f32_16x6 16 6 193 34 405 8.51526834077e-05
fma_mmm_f32_32x3 32 3 193 34 405 8.58002672414e-05
fma_mmm_f32_16x5 16 5 193 34 405 8.62428226957e-05
fma_mmm_f32_24x4 24 4 193 34 405 8.68093853428e-05
fma_mmm_f32_40x2 40 2 193 34 405 9.49945071429e-05
fma_mmm_f32_8x8 8 8 193 34 405 9.93000344444e-05
fma_mmm_f32_64x1 64 1 193 34 405 0.000761397109673
fma_mmm_f32_32x1 32 1 193 34 405 0.000830442878546
fma_mmm_f32_16x5 16 5 58 221 43 1.18199557294e-05
fma_mmm_f32_16x6 16 6 58 221 43 1.21348532669e-05
fma_mmm_f32_32x3 32 3 58 221 43 1.22075473562e-05
fma_mmm_f32_24x4 24 4 58 221 43 1.24845233891e-05
fma_mmm_f32_8x8 8 8 58 221 43 1.54159087809e-05
fma_mmm_f32_40x2 40 2 58 221 43 1.55210967185e-05
fma_mmm_f32_64x1 64 1 58 221 43 2.37187440811e-05
fma_mmm_f32_32x1 32 1 58 221 43 3.85800761639e-05
fma_mmm_f32_16x6 16 6 148 74 331 8.6153747069e-05
fma_mmm_f32_32x3 32 3 148 74 331 8.67521991932e-05
fma_mmm_f32_24x4 24 4 148 74 331 8.73344232762e-05
fma_mmm_f32_16x5 16 5 148 74 331 8.84314460978e-05
fma_mmm_f32_40x2 40 2 148 74 331 9.45387664762e-05
fma_mmm_f32_8x8 8 8 148 74 331 0.000102316855444
fma_mmm_f32_64x1 64 1 148 74 331 0.000488674087879
fma_mmm_f32_32x1 32 1 148 74 331 0.000546753565
fma_mmm_f32_16x6 16 6 197 76 226 7.76855082031e-05
fma_mmm_f32_24x4 24 4 197 76 226 7.86815832283e-05
fma_mmm_f32_16x5 16 5 197 76 226 8.05628081281e-05
fma_mmm_f32_32x3 32 3 197 76 226 8.16118984802e-05
fma_mmm_f32_40x2 40 2 197 76 226 8.29953037719e-05
fma_mmm_f32_8x8 8 8 197 76 226 9.52043650445e-05
fma_mmm_f32_64x1 64 1 197 76 226 0.00047898460625
fma_mmm_f32_32x1 32 1 197 76 226 0.000543413195534
fma_mmm_f32_24x4 24 4 455 56 143 8.68354366087e-05
fma_mmm_f32_16x6 16 6 455 56 143 8.93714877064e-05
fma_mmm_f32_32x3 32 3 455 56 143 9.084532e-05
fma_mmm_f32_16x5 16 5 455 56 143 9.40764942618e-05
fma_mmm_f32_40x2 40 2 455 56 143 9.70001928772e-05
fma_mmm_f32_8x8 8 8 455 56 143 0.000108685611429
fma_mmm_f32_64x1 64 1 455 56 143 0.000639795446865
fma_mmm_f32_32x1 32 1 455 56 143 0.00071164160119
fma_mmm_f32_16x5 16 5 107 279 70 3.75599551586e-05
fma_mmm_f32_16x6 16 6 107 279 70 3.83785638131e-05
fma_mmm_f32_24x4 24 4 107 279 70 4.14619359751e-05
fma_mmm_f32_32x3 32 3 107 279 70 4.50593087652e-05
fma_mmm_f32_40x2 40 2 107 279 70 4.51762815057e-05
fma_mmm_f32_8x8 8 8 107 279 70 4.87795000519e-05
fma_mmm_f32_64x1 64 1 107 279 70 0.000123594302375
fma_mmm_f32_32x1 32 1 107 279 70 0.000157907823559
fma_mmm_f32_16x6 16 6 505 156 6 8.80406324122e-06
fma_mmm_f32_32x3 32 3 505 156 6 9.00792961015e-06
fma_mmm_f32_40x2 40 2 505 156 6 9.56708153442e-06
fma_mmm_f32_24x4 24 4 505 156 6 1.28708028351e-05
fma_mmm_f32_8x8 8 8 505 156 6 1.69127976471e-05
fma_mmm_f32_16x5 16 5 505 156 6 1.76355855575e-05
fma_mmm_f32_64x1 64 1 505 156 6 3.92626079608e-05
fma_mmm_f32_32x1 32 1 505 156 6 4.41872861985e-05
fma_mmm_f32_8x8 8 8 8 151 184 5.23655414696e-06
fma_mmm_f32_16x5 16 5 8 151 184 8.78881859143e-06
fma_mmm_f32_16x6 16 6 8 151 184 9.06609570985e-06
fma_mmm_f32_24x4 24 4 8 151 184 1.22539104336e-05
fma_mmm_f32_32x3 32 3 8 151 184 1.67992076401e-05
fma_mmm_f32_40x2 40 2 8 151 184 2.17027762661e-05
fma_mmm_f32_32x1 32 1 8 151 184 4.10763054959e-05
fma_mmm_f32_64x1 64 1 8 151 184 6.24082619375e-05
fma_mmm_f32_24x4 24 4 230 334 31 4.40368796371e-05
fma_mmm_f32_16x5 16 5 230 334 31 4.84237561454e-05
fma_mmm_f32_32x3 32 3 230 334 31 4.9286935e-05
fma_mmm_f32_16x6 16 6 230 334 31 4.93531737267e-05
fma_mmm_f32_40x2 40 2 230 334 31 4.94222950495e-05
fma_mmm_f32_8x8 8 8 230 334 31 5.37404589443e-05
fma_mmm_f32_64x1 64 1 230 334 31 0.00014317758971
fma_mmm_f32_32x1 32 1 230 334 31 0.000165339260943
fma_mmm_f32_16x5 16 5 10 436 445 5.40428911351e-05
fma_mmm_f32_16x6 16 6 10 436 445 5.51272004444e-05
fma_mmm_f32_8x8 8 8 10 436 445 6.77227698756e-05
fma_mmm_f32_24x4 24 4 10 436 445 7.80871442969e-05
fma_mmm_f32_32x3 32 3 10 436 445 0.000104726504842
fma_mmm_f32_40x2 40 2 10 436 445 0.000140244033251
fma_mmm_f32_32x1 32 1 10 436 445 0.000254591503077
fma_mmm_f32_64x1 64 1 10 436 445 0.000403343815129
fma_mmm_f32_24x4 24 4 483 226 16 3.17384139365e-05
fma_mmm_f32_16x6 16 6 483 226 16 3.63635567273e-05
fma_mmm_f32_40x2 40 2 483 226 16 3.84638469231e-05
fma_mmm_f32_32x3 32 3 483 226 16 3.84869859514e-05
fma_mmm_f32_8x8 8 8 483 226 16 3.91920205882e-05
fma_mmm_f32_16x5 16 5 483 226 16 4.2453978766e-05
fma_mmm_f32_64x1 64 1 483 226 16 0.000128531991818
fma_mmm_f32_32x1 32 1 483 226 16 0.00014025753265
fma_mmm_f32_16x6 16 6 43 250 137 2.89692546868e-05
fma_mmm_f32_24x4 24 4 43 250 137 2.95543870564e-05
fma_mmm_f32_16x5 16 5 43 250 137 2.9961564122e-05
fma_mmm_f32_8x8 8 8 43 250 137 3.78622544001e-05
fma_mmm_f32_32x3 32 3 43 250 137 3.97420177874e-05
fma_mmm_f32_40x2 40 2 43 250 137 5.24672471728e-05
fma_mmm_f32_64x1 64 1 43 250 137 8.07657830081e-05
fma_mmm_f32_32x1 32 1 43 250 137 0.000129175030909
fma_mmm_f32_24x4 24 4 252 78 128 5.50313504588e-05
fma_mmm_f32_16x6 16 6 252 78 128 5.68542092e-05
fma_mmm_f32_32x3 32 3 252 78 128 5.76228878488e-05
fma_mmm_f32_16x5 16 5 252 78 128 5.79767974419e-05
fma_mmm_f32_40x2 40 2 252 78 128 6.37623291893e-05
fma_mmm_f32_8x8 8 8 252 78 128 6.72216584767e-05
fma_mmm_f32_64x1 64 1 252 78 128 0.000284837152571
fma_mmm_f32_32x1 32 1 252 78 128 0.000359848416757
fma_mmm_f32_24x4 24 4 397 68 67 4.15784682231e-05
fma_mmm_f32_32x3 32 3 397 68 67 4.32626537662e-05
fma_mmm_f32_16x6 16 6 397 68 67 4.39478268914e-05
fma_mmm_f32_40x2 40 2 397 68 67 4.47102468285e-05
fma_mmm_f32_16x5 16 5 397 68 67 4.5139290045e-05
fma_mmm_f32_8x8 8 8 397 68 67 5.55814164444e-05
fma_mmm_f32_64x1 64 1 397 68 67 0.00026758933033
fma_mmm_f32_32x1 32 1 397 68 67 0.000301417597273
fma_mmm_f32_16x6 16 6 136 238 83 4.96603626866e-05
fma_mmm_f32_24x4 24 4 136 238 83 4.99620104563e-05
fma_mmm_f32_16x5 16 5 136 238 83 5.10814810864e-05
fma_mmm_f32_32x3 32 3 136 238 83 5.68337469143e-05
fma_mmm_f32_8x8 8 8 136 238 83 6.24017780625e-05
fma_mmm_f32_40x2 40 2 136 238 83 6.24358085535e-05
fma_mmm_f32_64x1 64 1 136 238 83 0.000215898353202
fma_mmm_f32_32x1 32 1 136 238 83 0.000217234827503
fma_mmm_f32_16x6 16 6 472 306 6 1.5610221493e-05
fma_mmm_f32_32x3 32 3 472 306 6 1.64986779801e-05
fma_mmm_f32_40x2 40 2 472 306 6 1.82896634918e-05
fma_mmm_f32_24x4 24 4 472 306 6 2.16962769489e-05
fma_mmm_f32_8x8 8 8 472 306 6 2.72927989646e-05
fma_mmm_f32_16x5 16 5 472 306 6 2.84476010245e-05
fma_mmm_f32_64x1 64 1 472 306 6 5.88051059172e-05
fma_mmm_f32_32x1 32 1 472 306 6 5.95851282738e-05
fma_mmm_f32_24x4 24 4 401 217 34 5.70528119318e-05
fma_mmm_f32_16x6 16 6 401 217 34 5.7207247931e-05
fma_mmm_f32_16x5 16 5 401 217 34 5.81157127295e-05
fma_mmm_f32_32x3 32 3 401 217 34 6.05028719852e-05
fma_mmm_f32_40x2 40 2 401 217 34 6.74368763474e-05
fma_mmm_f32_8x8 8 8 401 217 34 7.99317471837e-05
fma_mmm_f32_64x1 64 1 401 217 34 0.00022724465915
fma_mmm_f32_32x1 32 1 401 217 34 0.000236474152143
fma_mmm_f32_40x2 40 2 326 99 2 1.64883295342e-06
fma_mmm_f32_32x3 32 3 326 99 2 2.73609862447e-06
fma_mmm_f32_24x4 24 4 326 99 2 3.16918797429e-06
fma_mmm_f32_16x5 16 5 326 99 2 4.0016048868e-06
fma_mmm_f32_16x6 16 6 326 99 2 4.82237481782e-06
fma_mmm_f32_64x1 64 1 326 99 2 7.67939545244e-06
fma_mmm_f32_8x8 8 8 326 99 2 7.84965821998e-06
fma_mmm_f32_32x1 32 1 326 99 2 8.60602175711e-06
fma_mmm_f32_40x2 40 2 359 99 2 1.70835547837e-06
fma_mmm_f32_32x3 32 3 359 99 2 2.96685137296e-06
fma_mmm_f32_24x4 24 4 359 99 2 3.52256857667e-06
fma_mmm_f32_16x5 16 5 359 99 2 4.36927927964e-06
fma_mmm_f32_16x6 16 6 359 99 2 5.26920012879e-06
fma_mmm_f32_64x1 64 1 359 99 2 7.80348841608e-06
fma_mmm_f32_8x8 8 8 359 99 2 8.56468055119e-06
fma_mmm_f32_32x1 32 1 359 99 2 9.42235313803e-06
fma_mmm_f32_24x4 24 4 23 181 328 2.71307743345e-05
fma_mmm_f32_8x8 8 8 23 181 328 3.34019707358e-05
fma_mmm_f32_16x6 16 6 23 181 328 3.52686210378e-05
fma_mmm_f32_16x5 16 5 23 181 328 3.57032963082e-05
fma_mmm_f32_32x3 32 3 23 181 328 3.86478186142e-05
fma_mmm_f32_40x2 40 2 23 181 328 4.96173512376e-05
fma_mmm_f32_32x1 32 1 23 181 328 9.22277279439e-05
fma_mmm_f32_64x1 64 1 23 181 328 0.000138098123597
fma_mmm_f32_16x6 16 6 125 138 228 7.53282985606e-05
fma_mmm_f32_16x5 16 5 125 138 228 7.82125874803e-05
fma_mmm_f32_32x3 32 3 125 138 228 7.97678452459e-05
fma_mmm_f32_24x4 24 4 125 138 228 8.3788332521e-05
fma_mmm_f32_8x8 8 8 125 138 228 9.6620481318e-05
fma_mmm_f32_40x2 40 2 125 138 228 0.000100651490868
fma_mmm_f32_64x1 64 1 125 138 228 0.00027913819944
fma_mmm_f32_32x1 32 1 125 138 228 0.00036295100581
fma_mmm_f32_24x4 24 4 178 36 296 5.61818180337e-05
fma_mmm_f32_16x6 16 6 178 36 296 5.85507630588e-05
fma_mmm_f32_32x3 32 3 178 36 296 5.90801084656e-05
fma_mmm_f32_16x5 16 5 178 36 296 6.09833456707e-05
fma_mmm_f32_40x2 40 2 178 36 296 6.65320649158e-05
fma_mmm_f32_8x8 8 8 178 36 296 6.70168151007e-05
fma_mmm_f32_64x1 64 1 178 36 296 0.0003989802204
fma_mmm_f32_32x1 32 1 178 36 296 0.000516366133403
fma_mmm_f32_24x4 24 4 360 51 159 7.09489803711e-05
fma_mmm_f32_32x3 32 3 360 51 159 7.45351323134e-05
fma_mmm_f32_16x6 16 6 360 51 159 7.52811733333e-05
fma_mmm_f32_40x2 40 2 360 51 159 7.52956272932e-05
fma_mmm_f32_16x5 16 5 360 51 159 7.73338144961e-05
fma_mmm_f32_8x8 8 8 360 51 159 8.88752823009e-05
fma_mmm_f32_64x1 64 1 360 51 159 0.000522226407368
fma_mmm_f32_32x1 32 1 360 51 159 0.000624827073125
fma_mmm_f32_16x6 16 6 29 262 222 3.32254529011e-05
fma_mmm_f32_16x5 16 5 29 262 222 3.43058230928e-05
fma_mmm_f32_32x3 32 3 29 262 222 3.61429992e-05
fma_mmm_f32_8x8 8 8 29 262 222 4.14600019087e-05
fma_mmm_f32_40x2 40 2 29 262 222 4.75506163636e-05
fma_mmm_f32_24x4 24 4 29 262 222 4.83035536457e-05
fma_mmm_f32_32x1 32 1 29 262 222 8.67534214317e-05
fma_mmm_f32_64x1 64 1 29 262 222 0.000131519827327
fma_mmm_f32_32x3 32 3 153 250 51 3.69436459717e-05
fma_mmm_f32_16x6 16 6 153 250 51 3.77115773384e-05
fma_mmm_f32_24x4 24 4 153 250 51 3.78411204943e-05
fma_mmm_f32_16x5 16 5 153 250 51 3.93270065217e-05
fma_mmm_f32_40x2 40 2 153 250 51 4.15058604167e-05
fma_mmm_f32_8x8 8 8 153 250 51 4.97360181592e-05
fma_mmm_f32_64x1 64 1 153 250 51 0.000138598598639
fma_mmm_f32_32x1 32 1 153 250 51 0.00013936908632
fma_mmm_f32_32x3 32 3 445 91 63 5.26452718085e-05
fma_mmm_f32_24x4 24 4 445 91 63 5.42887684672e-05
fma_mmm_f32_16x6 16 6 445 91 63 5.58359860007e-05
fma_mmm_f32_16x5 16 5 445 91 63 5.77547710729e-05
fma_mmm_f32_40x2 40 2 445 91 63 6.07184732317e-05
fma_mmm_f32_8x8 8 8 445 91 63 6.86573891781e-05
fma_mmm_f32_64x1 64 1 445 91 63 0.000273988671342
fma_mmm_f32_32x1 32 1 445 91 63 0.000331768849333
fma_mmm_f32_24x4 24 4 164 22 390 5.27643267062e-05
fma_mmm_f32_16x6 16 6 164 22 390 5.53484332188e-05
fma_mmm_f32_16x5 16 5 164 22 390 5.74964225434e-05
fma_mmm_f32_32x3 32 3 164 22 390 5.75893551445e-05
fma_mmm_f32_8x8 8 8 164 22 390 6.42752680769e-05
fma_mmm_f32_40x2 40 2 164 22 390 6.60139580132e-05
fma_mmm_f32_64x1 64 1 164 22 390 0.000494002531683
fma_mmm_f32_32x1 32 1 164 22 390 0.000635140137778
fma_mmm_f32_24x4 24 4 303 56 7 3.98949368621e-06
fma_mmm_f32_40x2 40 2 303 56 7 4.17131952683e-06
fma_mmm_f32_32x3 32 3 303 56 7 4.34697439849e-06
fma_mmm_f32_8x8 8 8 303 56 7 5.52151824877e-06
fma_mmm_f32_16x6 16 6 303 56 7 5.60505947048e-06
fma_mmm_f32_16x5 16 5 303 56 7 5.85647876366e-06
fma_mmm_f32_64x1 64 1 303 56 7 1.89086725718e-05
fma_mmm_f32_32x1 32 1 303 56 7 2.32515103059e-05
fma_mmm_f32_24x4 24 4 235 20 235 4.35530494114e-05
fma_mmm_f32_16x6 16 6 235 20 235 4.5298280137e-05
fma_mmm_f32_16x5 16 5 235 20 235 4.61782818089e-05
fma_mmm_f32_32x3 32 3 235 20 235 4.63506146977e-05
fma_mmm_f32_40x2 40 2 235 20 235 5.35417996791e-05
fma_mmm_f32_8x8 8 8 235 20 235 5.50717274054e-05
fma_mmm_f32_64x1 64 1 235 20 235 0.0004372037959
fma_mmm_f32_32x1 32 1 235 20 235 0.000529127877249
fma_mmm_f32_24x4 24 4 93 87 330 5.75452166474e-05
fma_mmm_f32_16x6 16 6 93 87 330 5.82352361628e-05
fma_mmm_f32_16x5 16 5 93 87 330 5.91356325e-05
fma_mmm_f32_32x3 32 3 93 87 330 6.13340840456e-05
fma_mmm_f32_8x8 8 8 93 87 330 7.27677654348e-05
fma_mmm_f32_40x2 40 2 93 87 330 7.52917501515e-05
fma_mmm_f32_64x1 64 1 93 87 330 0.000283756519661
fma_mmm_f32_32x1 32 1 93 87 330 0.000313828945076
fma_mmm_f32_24x4 24 4 34 8 130 3.82205399462e-06
fma_mmm_f32_16x5 16 5 34 8 130 4.01488404332e-06
fma_mmm_f32_16x6 16 6 34 8 130 4.19122556636e-06
fma_mmm_f32_8x8 8 8 34 8 130 4.27345293769e-06
fma_mmm_f32_32x3 32 3 34 8 130 4.62057252966e-06
fma_mmm_f32_40x2 40 2 34 8 130 6.54209175439e-06
fma_mmm_f32_64x1 64 1 34 8 130 1.05260071474e-05
fma_mmm_f32_32x1 32 1 34 8 130 4.44965252679e-05
fma_mmm_f32_24x4 24 4 48 7 420 1.11355804911e-05
fma_mmm_f32_16x6 16 6 48 7 420 1.13599983886e-05
fma_mmm_f32_16x5 16 5 48 7 420 1.22874405069e-05
fma_mmm_f32_8x8 8 8 48 7 420 1.34653946257e-05
fma_mmm_f32_32x3 32 3 48 7 420 1.73835231196e-05
fma_mmm_f32_40x2 40 2 48 7 420 2.08057270417e-05
fma_mmm_f32_64x1 64 1 48 7 420 4.26490535714e-05
fma_mmm_f32_32x1 32 1 48 7 420 0.000149705576808
fma_mmm_f32_24x4 24 4 390 31 176 6.52940886153e-05
fma_mmm_f32_16x6 16 6 390 31 176 6.81253937275e-05
fma_mmm_f32_32x3 32 3 390 31 176 6.8253425411e-05
fma_mmm_f32_16x5 16 5 390 31 176 7.23728715217e-05
fma_mmm_f32_40x2 40 2 390 31 176 7.39387011338e-05
fma_mmm_f32_8x8 8 8 390 31 176 7.79204294483e-05
fma_mmm_f32_64x1 64 1 390 31 176 0.000647561293851
fma_mmm_f32_32x1 32 1 390 31 176 0.000699560974924
fma_mmm_f32_24x4 24 4 479 39 196 9.93264261386e-05
fma_mmm_f32_16x6 16 6 479 39 196 0.000102529768557
fma_mmm_f32_32x3 32 3 479 39 196 0.000103350747745
fma_mmm_f32_16x5 16 5 479 39 196 0.000108973850659
fma_mmm_f32_40x2 40 2 479 39 196 0.000111731259888
fma_mmm_f32_8x8 8 8 479 39 196 0.000125889227821
fma_mmm_f32_64x1 64 1 479 39 196 0.000864414404635
fma_mmm_f32_32x1 32 1 479 39 196 0.000944124500943
fma_mmm_f32_16x6 16 6 92 130 245 5.90054340476e-05
fma_mmm_f32_24x4 24 4 92 130 245 5.92836333929e-05
fma_mmm_f32_16x5 16 5 92 130 245 6.01623299398e-05
fma_mmm_f32_32x3 32 3 92 130 245 6.22651656494e-05
fma_mmm_f32_8x8 8 8 92 130 245 7.41842873896e-05
fma_mmm_f32_40x2 40 2 92 130 245 7.75135250158e-05
fma_mmm_f32_64x1 64 1 92 130 245 0.000271137516777
fma_mmm_f32_32x1 32 1 92 130 245 0.0002724607478
fma_mmm_f32_16x6 16 6 298 6 511 9.11932213048e-05
fma_mmm_f32_24x4 24 4 298 6 511 9.67988264078e-05
fma_mmm_f32_16x5 16 5 298 6 511 9.83630285149e-05
fma_mmm_f32_8x8 8 8 298 6 511 0.000103599741875
fma_mmm_f32_32x3 32 3 298 6 511 0.000105264218031
fma_mmm_f32_40x2 40 2 298 6 511 0.000123032814444
fma_mmm_f32_64x1 64 1 298 6 511 0.00123692337125
fma_mmm_f32_32x1 32 1 298 6 511 0.00140110543423
fma_mmm_f32_16x6 16 6 28 131 486 4.14183663865e-05
fma_mmm_f32_16x5 16 5 28 131 486 4.20067205454e-05
fma_mmm_f32_32x3 32 3 28 131 486 4.6360832488e-05
fma_mmm_f32_8x8 8 8 28 131 486 5.04206344724e-05
fma_mmm_f32_24x4 24 4 28 131 486 5.71299312913e-05
fma_mmm_f32_40x2 40 2 28 131 486 5.92949144048e-05
fma_mmm_f32_32x1 32 1 28 131 486 0.000110334214889
fma_mmm_f32_64x1 64 1 28 131 486 0.000146965271464
fma_mmm_f32_16x6 16 6 111 426 76 6.19823435999e-05
fma_mmm_f32_16x5 16 5 111 426 76 6.4970080021e-05
fma_mmm_f32_24x4 24 4 111 426 76 6.56416382237e-05
fma_mmm_f32_40x2 40 2 111 426 76 7.17462274864e-05
fma_mmm_f32_32x3 32 3 111 426 76 7.26925688108e-05
fma_mmm_f32_8x8 8 8 111 426 76 8.04156539516e-05
fma_mmm_f32_64x1 64 1 111 426 76 0.000179729795818
fma_mmm_f32_32x1 32 1 111 426 76 0.0002265458525
fma_mmm_f32_16x6 16 6 50 140 114 1.90812823394e-05
fma_mmm_f32_16x5 16 5 50 140 114 1.99291099601e-05
fma_mmm_f32_32x3 32 3 50 140 114 2.02889770623e-05
fma_mmm_f32_24x4 24 4 50 140 114 2.16202192198e-05
fma_mmm_f32_8x8 8 8 50 140 114 2.25097592825e-05
fma_mmm_f32_40x2 40 2 50 140 114 2.62805975526e-05
fma_mmm_f32_64x1 64 1 50 140 114 4.18452545259e-05
fma_mmm_f32_32x1 32 1 50 140 114 7.75761552533e-05
fma_mmm_f32_24x4 24 4 144 230 56 3.20349741987e-05
fma_mmm_f32_16x6 16 6 144 230 56 3.48026155401e-05
fma_mmm_f32_16x5 16 5 144 230 56 3.57322791786e-05
fma_mmm_f32_32x3 32 3 144 230 56 3.81018106013e-05
fma_mmm_f32_8x8 8 8 144 230 56 4.07368006939e-05
fma_mmm_f32_40x2 40 2 144 230 56 4.10624795062e-05
fma_mmm_f32_64x1 64 1 144 230 56 0.000144874454783
fma_mmm_f32_32x1 32 1 144 230 56 0.0001462472506
fma_mmm_f32_24x4 24 4 341 35 194 6.88089241096e-05
fma_mmm_f32_32x3 32 3 341 35 194 6.92779310865e-05
fma_mmm_f32_16x6 16 6 341 35 194 7.03734012676e-05
fma_mmm_f32_16x5 16 5 341 35 194 7.32513157216e-05
fma_mmm_f32_40x2 40 2 341 35 194 7.66181292929e-05
fma_mmm_f32_8x8 8 8 341 35 194 8.53051768376e-05
fma_mmm_f32_64x1 64 1 341 35 194 0.000605934068568
fma_mmm_f32_32x1 32 1 341 35 194 0.000654718133333
fma_mmm_f32_16x6 16 6 64 143 347 5.84397812725e-05
fma_mmm_f32_32x3 32 3 64 143 347 5.89352371006e-05
fma_mmm_f32_16x5 16 5 64 143 347 6.06696510976e-05
fma_mmm_f32_24x4 24 4 64 143 347 6.75103940076e-05
fma_mmm_f32_8x8 8 8 64 143 347 7.54436564662e-05
fma_mmm_f32_40x2 40 2 64 143 347 8.44093467514e-05
fma_mmm_f32_64x1 64 1 64 143 347 0.000294525532383
fma_mmm_f32_32x1 32 1 64 143 347 0.000317772915363
fma_mmm_f32_16x6 16 6 145 91 214 6.36472166667e-05
fma_mmm_f32_32x3 32 3 145 91 214 6.44531898039e-05
fma_mmm_f32_16x5 16 5 145 91 214 6.5193204215e-05
fma_mmm_f32_24x4 24 4 145 91 214 6.55121130383e-05
fma_mmm_f32_40x2 40 2 145 91 214 6.98112342657e-05
fma_mmm_f32_8x8 8 8 145 91 214 7.62565596154e-05
fma_mmm_f32_64x1 64 1 145 91 214 0.000329480346591
fma_mmm_f32_32x1 32 1 145 91 214 0.000367616133308
fma_mmm_f32_16x6 16 6 49 149 506 8.87538519643e-05
fma_mmm_f32_16x5 16 5 49 149 506 9.06882983486e-05
fma_mmm_f32_32x3 32 3 49 149 506 9.26559387736e-05
fma_mmm_f32_24x4 24 4 49 149 506 9.78476608824e-05
fma_mmm_f32_8x8 8 8 49 149 506 9.91405381609e-05
fma_mmm_f32_40x2 40 2 49 149 506 0.000118805071148
fma_mmm_f32_64x1 64 1 49 149 506 0.000197966229263
fma_mmm_f32_32x1 32 1 49 149 506 0.000351214529349
fma_mmm_f32_24x4 24 4 233 135 36 2.16103333115e-05
fma_mmm_f32_16x6 16 6 233 135 36 2.17182753932e-05
fma_mmm_f32_32x3 32 3 233 135 36 2.33039596605e-05
fma_mmm_f32_40x2 40 2 233 135 36 2.3920119953e-05
fma_mmm_f32_16x5 16 5 233 135 36 2.60103335701e-05
fma_mmm_f32_8x8 8 8 233 135 36 3.1206117625e-05
fma_mmm_f32_64x1 64 1 233 135 36 0.000101447746341
fma_mmm_f32_32x1 32 1 233 135 36 0.000119452995181
fma_mmm_f32_16x6 16 6 105 163 167 5.56981207303e-05
fma_mmm_f32_16x5 16 5 105 163 167 5.78383379191e-05
fma_mmm_f32_24x4 24 4 105 163 167 5.92390725444e-05
fma_mmm_f32_32x3 32 3 105 163 167 6.4328302e-05
fma_mmm_f32_40x2 40 2 105 163 167 6.60995342667e-05
fma_mmm_f32_8x8 8 8 105 163 167 7.02097888028e-05
fma_mmm_f32_64x1 64 1 105 163 167 0.000215412899719
fma_mmm_f32_32x1 32 1 105 163 167 0.000279439239496
fma_mmm_f32_16x6 16 6 53 46 118 9.45785856604e-06
fma_mmm_f32_16x5 16 5 53 46 118 9.69978543246e-06
fma_mmm_f32_24x4 24 4 53 46 118 9.8031129383e-06
fma_mmm_f32_32x3 32 3 53 46 118 9.9556328678e-06
fma_mmm_f32_8x8 8 8 53 46 118 1.01723833672e-05
fma_mmm_f32_40x2 40 2 53 46 118 1.22505579682e-05
fma_mmm_f32_64x1 64 1 53 46 118 1.94879331627e-05
fma_mmm_f32_32x1 32 1 53 46 118 5.32015062766e-05
fma_mmm_f32_24x4 24 4 247 50 103 3.34244541373e-05
fma_mmm_f32_32x3 32 3 247 50 103 3.39987188356e-05
fma_mmm_f32_16x6 16 6 247 50 103 3.44158663668e-05
fma_mmm_f32_16x5 16 5 247 50 103 3.55665256631e-05
fma_mmm_f32_40x2 40 2 247 50 103 3.78702517296e-05
fma_mmm_f32_8x8 8 8 247 50 103 4.00031643418e-05
fma_mmm_f32_64x1 64 1 247 50 103 0.000209469044894
fma_mmm_f32_32x1 32 1 247 50 103 0.000262243527358
fma_mmm_f32_24x4 24 4 483 478 16 6.68966899399e-05
fma_mmm_f32_16x6 16 6 483 478 16 7.2475779708e-05
fma_mmm_f32_8x8 8 8 483 478 16 7.88809779528e-05
fma_mmm_f32_32x3 32 3 483 478 16 8.17179489106e-05
fma_mmm_f32_16x5 16 5 483 478 16 8.26147426329e-05
fma_mmm_f32_40x2 40 2 483 478 16 8.86288134019e-05
fma_mmm_f32_32x1 32 1 483 478 16 0.000235891163095
fma_mmm_f32_64x1 64 1 483 478 16 0.000244484026132
fma_mmm_f32_24x4 24 4 408 15 190 5.3682808871e-05
fma_mmm_f32_16x6 16 6 408 15 190 5.64724183616e-05
fma_mmm_f32_32x3 32 3 408 15 190 5.74514905294e-05
fma_mmm_f32_16x5 16 5 408 15 190 5.7996604954e-05
fma_mmm_f32_40x2 40 2 408 15 190 6.24742634591e-05
fma_mmm_f32_8x8 8 8 408 15 190 6.53977363105e-05
fma_mmm_f32_64x1 64 1 408 15 190 0.000669247886846
fma_mmm_f32_32x1 32 1 408 15 190 0.000707094765205
fma_mmm_f32_24x4 24 4 23 61 366 1.36735323731e-05
fma_mmm_f32_8x8 8 8 23 61 366 1.6577468324e-05
fma_mmm_f32_16x5 16 5 23 61 366 1.74562033857e-05
fma_mmm_f32_16x6 16 6 23 61 366 1.76597271327e-05
fma_mmm_f32_32x3 32 3 23 61 366 2.03516165929e-05
fma_mmm_f32_40x2 40 2 23 61 366 2.59749877284e-05
fma_mmm_f32_64x1 64 1 23 61 366 4.86269715281e-05
fma_mmm_f32_32x1 32 1 23 61 366 4.86910523902e-05
fma_mmm_f32_16x6 16 6 417 123 17 1.94496647078e-05
fma_mmm_f32_32x3 32 3 417 123 17 1.9630049138e-05
fma_mmm_f32_40x2 40 2 417 123 17 2.02379257522e-05
fma_mmm_f32_24x4 24 4 417 123 17 2.08509915449e-05
fma_mmm_f32_16x5 16 5 417 123 17 2.33891071606e-05
fma_mmm_f32_8x8 8 8 417 123 17 3.1591579619e-05
fma_mmm_f32_64x1 64 1 417 123 17 8.46368563412e-05
fma_mmm_f32_32x1 32 1 417 123 17 9.87151636325e-05
fma_mmm_f32_16x6 16 6 324 28 6 1.96658573484e-06
fma_mmm_f32_32x3 32 3 324 28 6 2.04021226664e-06
fma_mmm_f32_40x2 40 2 324 28 6 2.26833448409e-06
fma_mmm_f32_24x4 24 4 324 28 6 2.96298789318e-06
fma_mmm_f32_8x8 8 8 324 28 6 4.3500715348e-06
fma_mmm_f32_16x5 16 5 324 28 6 4.88459621027e-06
fma_mmm_f32_64x1 64 1 324 28 6 1.82326745971e-05
fma_mmm_f32_32x1 32 1 324 28 6 1.96485029045e-05
fma_mmm_f32_24x4 24 4 148 31 94 1.47562186202e-05
fma_mmm_f32_16x6 16 6 148 31 94 1.47691027857e-05
fma_mmm_f32_32x3 32 3 148 31 94 1.49830762743e-05
fma_mmm_f32_16x5 16 5 148 31 94 1.56080928833e-05
fma_mmm_f32_40x2 40 2 148 31 94 1.66738688481e-05
fma_mmm_f32_8x8 8 8 148 31 94 1.73041670065e-05
fma_mmm_f32_64x1 64 1 148 31 94 0.0001198601925
fma_mmm_f32_32x1 32 1 148 31 94 0.000128899060949
fma_mmm_f32_16x6 16 6 31 396 121 2.73953429903e-05
fma_mmm_f32_16x5 16 5 31 396 121 2.77933556825e-05
fma_mmm_f32_32x3 32 3 31 396 121 2.85383671877e-05
fma_mmm_f32_8x8 8 8 31 396 121 3.46660924042e-05
fma_mmm_f32_40x2 40 2 31 396 121 3.76145702304e-05
fma_mmm_f32_24x4 24 4 31 396 121 3.9926148602e-05
fma_mmm_f32_32x1 32 1 31 396 121 6.62171216198e-05
fma_mmm_f32_64x1 64 1 31 396 121 0.000102536724011
