fma_mmm_f32_32x1 32 1 1 8 1 0.00000007331091134577424
avx512_mmm_f32_16x1 16 1 1 8 1 0.00000007407732354618432
fma_mmm_f32_64x1 64 1 1 8 1 0.00000007662062543858942
avx512_mmm_f32_128x1 128 1 1 8 1 0.00000008279249870888465
fma_mmm_f32_24x4 24 4 1 8 1 0.00000009620131318488772
fma_mmm_f32_40x2 40 2 1 8 1 0.0000000977145593361076
fma_mmm_f32_8x8 8 8 1 8 1 0.00000011016236425010149
fma_mmm_f32_16x6 16 6 1 8 1 0.00000011738117174904015
fma_mmm_f32_32x3 32 3 1 8 1 0.0000001225365180877762
avx512_mmm_f32_80x2 80 2 1 8 1 0.00000014452690274547663
fma_mmm_f32_16x5 16 5 1 8 1 0.00000014583929359913932
avx512_mmm_f32_48x4 48 4 1 8 1 0.0000001540797788161994
avx512_mmm_f32_32x6 32 6 1 8 1 0.00000015574000525851804
avx512_mmm_f32_64x3 64 3 1 8 1 0.00000017908748285635917
avx512_mmm_f32_16x12 16 12 1 8 1 0.00000020520347080614465
avx512_mmm_f32_32x5 32 5 1 8 1 0.00000024624451485148514
avx512_mmm_f32_16x8 16 8 1 8 1 0.0000003076832400992416
avx512_mmm_f32_16x1 16 1 1 32 1 0.0000000807706584473865
fma_mmm_f32_32x1 32 1 1 32 1 0.00000009260391327708473
fma_mmm_f32_64x1 64 1 1 32 1 0.00000010125559042670908
fma_mmm_f32_16x5 16 5 1 32 1 0.00000012590084050967517
fma_mmm_f32_40x2 40 2 1 32 1 0.00000012591830802926973
avx512_mmm_f32_128x1 128 1 1 32 1 0.00000013119530111835415
fma_mmm_f32_24x4 24 4 1 32 1 0.00000013123458212793315
fma_mmm_f32_8x8 8 8 1 32 1 0.0000001391949621385957
avx512_mmm_f32_16x8 16 8 1 32 1 0.00000017074352510300623
avx512_mmm_f32_32x5 32 5 1 32 1 0.00000019427876389388578
avx512_mmm_f32_80x2 80 2 1 32 1 0.00000019681566026622692
fma_mmm_f32_16x6 16 6 1 32 1 0.0000001983884509174218
fma_mmm_f32_32x3 32 3 1 32 1 0.00000020162695735807911
avx512_mmm_f32_48x4 48 4 1 32 1 0.0000002161156198437534
avx512_mmm_f32_16x12 16 12 1 32 1 0.00000021642203344393425
avx512_mmm_f32_32x6 32 6 1 32 1 0.00000033719562169357315
avx512_mmm_f32_64x3 64 3 1 32 1 0.00000036907553800155037
avx512_mmm_f32_16x1 16 1 1 128 1 0.00000011948613548364176
fma_mmm_f32_32x1 32 1 1 128 1 0.0000001691831892004442
fma_mmm_f32_64x1 64 1 1 128 1 0.00000020829603671325045
fma_mmm_f32_40x2 40 2 1 128 1 0.00000022769934193401074
fma_mmm_f32_8x8 8 8 1 128 1 0.00000025200919678081105
fma_mmm_f32_32x3 32 3 1 128 1 0.00000025552247985881993
fma_mmm_f32_24x4 24 4 1 128 1 0.0000002756181339882658
fma_mmm_f32_16x6 16 6 1 128 1 0.0000002981229716508516
fma_mmm_f32_16x5 16 5 1 128 1 0.0000003206293786839309
avx512_mmm_f32_16x8 16 8 1 128 1 0.000000359138734800028
avx512_mmm_f32_32x5 32 5 1 128 1 0.00000039756414302554023
avx512_mmm_f32_128x1 128 1 1 128 1 0.0000004132582057468743
avx512_mmm_f32_80x2 80 2 1 128 1 0.00000041398010680475766
avx512_mmm_f32_64x3 64 3 1 128 1 0.00000047306356771929826
avx512_mmm_f32_48x4 48 4 1 128 1 0.0000004830462803368004
avx512_mmm_f32_32x6 32 6 1 128 1 0.000000509962405719022
avx512_mmm_f32_16x12 16 12 1 128 1 0.0000006269871885942972
avx512_mmm_f32_16x1 16 1 1 512 1 0.0000002641935085150651
fma_mmm_f32_32x1 32 1 1 512 1 0.0000005697144582474514
fma_mmm_f32_8x8 8 8 1 512 1 0.0000005972637592671152
fma_mmm_f32_16x5 16 5 1 512 1 0.000000726090447761194
fma_mmm_f32_24x4 24 4 1 512 1 0.0000007645732830530206
fma_mmm_f32_40x2 40 2 1 512 1 0.0000007822315603284902
fma_mmm_f32_32x3 32 3 1 512 1 0.0000008011897812614882
fma_mmm_f32_16x6 16 6 1 512 1 0.0000008772327926042211
avx512_mmm_f32_16x8 16 8 1 512 1 0.0000009923884319731251
fma_mmm_f32_64x1 64 1 1 512 1 0.0000010384762607573147
avx512_mmm_f32_32x5 32 5 1 512 1 0.0000012342884087518648
avx512_mmm_f32_80x2 80 2 1 512 1 0.000001254430856291884
avx512_mmm_f32_128x1 128 1 1 512 1 0.000001334997662408263
avx512_mmm_f32_16x12 16 12 1 512 1 0.0000014364240140638733
avx512_mmm_f32_32x6 32 6 1 512 1 0.0000014847166717187028
avx512_mmm_f32_48x4 48 4 1 512 1 0.0000015016250632534605
avx512_mmm_f32_64x3 64 3 1 512 1 0.000001504141725011172
avx512_mmm_f32_16x1 16 1 1 2048 1 0.0000008995265594967674
fma_mmm_f32_32x1 32 1 1 2048 1 0.0000020016620238095236
fma_mmm_f32_16x5 16 5 1 2048 1 0.0000022934951250130766
fma_mmm_f32_8x8 8 8 1 2048 1 0.000002328489168862275
fma_mmm_f32_16x6 16 6 1 2048 1 0.0000027355949185667757
fma_mmm_f32_24x4 24 4 1 2048 1 0.0000027752124100622125
fma_mmm_f32_32x3 32 3 1 2048 1 0.0000027905548170901983
fma_mmm_f32_40x2 40 2 1 2048 1 0.0000028124706363636363
avx512_mmm_f32_16x8 16 8 1 2048 1 0.000003587093772841275
fma_mmm_f32_64x1 64 1 1 2048 1 0.000003896744563106796
avx512_mmm_f32_32x5 32 5 1 2048 1 0.000004546768624942896
avx512_mmm_f32_80x2 80 2 1 2048 1 0.000004789096895766954
avx512_mmm_f32_16x12 16 12 1 2048 1 0.000005345332058346839
avx512_mmm_f32_32x6 32 6 1 2048 1 0.000005433617196467992
avx512_mmm_f32_48x4 48 4 1 2048 1 0.000005560527426636567
avx512_mmm_f32_64x3 64 3 1 2048 1 0.000005626516041783249
avx512_mmm_f32_128x1 128 1 1 2048 1 0.000008548391611533119
avx512_mmm_f32_16x1 16 1 2 8 1 0.00000007498639924907967
fma_mmm_f32_32x1 32 1 2 8 1 0.00000007515687089028849
fma_mmm_f32_64x1 64 1 2 8 1 0.00000007976152969969368
avx512_mmm_f32_128x1 128 1 2 8 1 0.00000008779863931715945
fma_mmm_f32_24x4 24 4 2 8 1 0.00000009715677013828452
fma_mmm_f32_40x2 40 2 2 8 1 0.00000009866328570342783
fma_mmm_f32_8x8 8 8 2 8 1 0.0000001113962959598483
fma_mmm_f32_16x6 16 6 2 8 1 0.00000011767530948377138
fma_mmm_f32_16x5 16 5 2 8 1 0.00000014321963290444992
avx512_mmm_f32_80x2 80 2 2 8 1 0.00000014627448837382063
avx512_mmm_f32_48x4 48 4 2 8 1 0.00000015552841563363598
avx512_mmm_f32_32x6 32 6 2 8 1 0.00000015743226314852948
avx512_mmm_f32_16x8 16 8 2 8 1 0.00000018215161900154104
avx512_mmm_f32_16x12 16 12 2 8 1 0.00000020476729877093632
avx512_mmm_f32_64x3 64 3 2 8 1 0.00000022668524103364303
avx512_mmm_f32_32x5 32 5 2 8 1 0.000000241332369634565
fma_mmm_f32_32x3 32 3 2 8 1 0.00000024269620575791975
avx512_mmm_f32_16x1 16 1 2 32 1 0.00000008231982837547378
fma_mmm_f32_32x1 32 1 2 32 1 0.00000009305752498112964
fma_mmm_f32_64x1 64 1 2 32 1 0.0000001068480324608527
fma_mmm_f32_40x2 40 2 2 32 1 0.00000012673144562534632
fma_mmm_f32_16x5 16 5 2 32 1 0.0000001271754848057155
avx512_mmm_f32_128x1 128 1 2 32 1 0.00000012898860700900388
fma_mmm_f32_24x4 24 4 2 32 1 0.0000001312428531090994
fma_mmm_f32_8x8 8 8 2 32 1 0.0000001396217266941645
fma_mmm_f32_16x6 16 6 2 32 1 0.0000001736446456212419
avx512_mmm_f32_32x5 32 5 2 32 1 0.00000019408225612836732
avx512_mmm_f32_80x2 80 2 2 32 1 0.00000019652310962012062
avx512_mmm_f32_16x8 16 8 2 32 1 0.00000020035561782011772
avx512_mmm_f32_16x12 16 12 2 32 1 0.00000021691148055778443
avx512_mmm_f32_32x6 32 6 2 32 1 0.00000021834360083740405
fma_mmm_f32_32x3 32 3 2 32 1 0.0000002581145086956897
avx512_mmm_f32_48x4 48 4 2 32 1 0.0000003121097478617532
avx512_mmm_f32_64x3 64 3 2 32 1 0.0000003427307407023723
avx512_mmm_f32_16x1 16 1 2 128 1 0.00000012012873847933206
fma_mmm_f32_32x1 32 1 2 128 1 0.00000017532678110561915
fma_mmm_f32_64x1 64 1 2 128 1 0.00000020774816011442747
fma_mmm_f32_16x5 16 5 2 128 1 0.00000022743923697130754
fma_mmm_f32_8x8 8 8 2 128 1 0.000000228521355446844
fma_mmm_f32_24x4 24 4 2 128 1 0.0000002523479834074667
fma_mmm_f32_32x3 32 3 2 128 1 0.0000002539095836979622
fma_mmm_f32_40x2 40 2 2 128 1 0.0000002542378005774386
fma_mmm_f32_16x6 16 6 2 128 1 0.00000029342372527149984
avx512_mmm_f32_16x8 16 8 2 128 1 0.00000033351201361707734
avx512_mmm_f32_128x1 128 1 2 128 1 0.00000041425389116392954
avx512_mmm_f32_32x5 32 5 2 128 1 0.00000042139539052069424
avx512_mmm_f32_48x4 48 4 2 128 1 0.000000457819871860824
avx512_mmm_f32_80x2 80 2 2 128 1 0.0000004594705999908328
avx512_mmm_f32_64x3 64 3 2 128 1 0.00000046551527654046024
avx512_mmm_f32_32x6 32 6 2 128 1 0.0000005544047909732017
avx512_mmm_f32_16x12 16 12 2 128 1 0.0000005785887836903939
avx512_mmm_f32_16x1 16 1 2 512 1 0.0000002629678711635925
fma_mmm_f32_32x1 32 1 2 512 1 0.00000056695689598608
fma_mmm_f32_8x8 8 8 2 512 1 0.0000006116732833020639
fma_mmm_f32_16x5 16 5 2 512 1 0.0000006756323699886218
fma_mmm_f32_16x6 16 6 2 512 1 0.0000007710503784238141
fma_mmm_f32_32x3 32 3 2 512 1 0.0000007722987015398902
fma_mmm_f32_40x2 40 2 2 512 1 0.0000007758820296707438
fma_mmm_f32_24x4 24 4 2 512 1 0.0000007933784722222223
fma_mmm_f32_64x1 64 1 2 512 1 0.000001034223866338224
avx512_mmm_f32_16x8 16 8 2 512 1 0.0000010458432439308812
avx512_mmm_f32_80x2 80 2 2 512 1 0.0000012421135003721157
avx512_mmm_f32_32x5 32 5 2 512 1 0.000001268900537221796
avx512_mmm_f32_128x1 128 1 2 512 1 0.0000013356651892239411
avx512_mmm_f32_32x6 32 6 2 512 1 0.000001447508712154136
avx512_mmm_f32_48x4 48 4 2 512 1 0.000001465444925329429
avx512_mmm_f32_16x12 16 12 2 512 1 0.00000148646307461792
avx512_mmm_f32_64x3 64 3 2 512 1 0.0000015915991911959698
avx512_mmm_f32_16x1 16 1 2 2048 1 0.0000008882480890404811
fma_mmm_f32_32x1 32 1 2 2048 1 0.0000019994504422253926
fma_mmm_f32_16x5 16 5 2 2048 1 0.0000022916832484076433
fma_mmm_f32_8x8 8 8 2 2048 1 0.000002307171641197071
fma_mmm_f32_24x4 24 4 2 2048 1 0.0000026977772256506574
fma_mmm_f32_32x3 32 3 2 2048 1 0.0000027132210202429152
fma_mmm_f32_16x6 16 6 2 2048 1 0.0000027247995292829776
fma_mmm_f32_40x2 40 2 2 2048 1 0.0000027894326377622382
avx512_mmm_f32_16x8 16 8 2 2048 1 0.0000036672430411058575
fma_mmm_f32_64x1 64 1 2 2048 1 0.000003881961813208285
avx512_mmm_f32_32x5 32 5 2 2048 1 0.000004445681135254989
avx512_mmm_f32_80x2 80 2 2 2048 1 0.0000045296256108597284
avx512_mmm_f32_32x6 32 6 2 2048 1 0.000005300093105291287
avx512_mmm_f32_16x12 16 12 2 2048 1 0.000005390115830687831
avx512_mmm_f32_64x3 64 3 2 2048 1 0.000005410914656488549
avx512_mmm_f32_48x4 48 4 2 2048 1 0.000005411025945945947
avx512_mmm_f32_128x1 128 1 2 2048 1 0.0000069658310987482615
avx512_mmm_f32_16x1 16 1 4 8 1 0.00000007691891233519076
fma_mmm_f32_32x1 32 1 4 8 1 0.00000007836556323622233
fma_mmm_f32_64x1 64 1 4 8 1 0.0000000819476464806595
avx512_mmm_f32_128x1 128 1 4 8 1 0.00000008914454851990182
fma_mmm_f32_24x4 24 4 4 8 1 0.000000099272090338084
fma_mmm_f32_40x2 40 2 4 8 1 0.00000010041674293971845
fma_mmm_f32_16x5 16 5 4 8 1 0.00000010054862532336154
fma_mmm_f32_8x8 8 8 4 8 1 0.00000011303394067463217
fma_mmm_f32_16x6 16 6 4 8 1 0.00000011982575751365295
avx512_mmm_f32_32x5 32 5 4 8 1 0.0000001471383181511965
avx512_mmm_f32_80x2 80 2 4 8 1 0.00000014839466719348367
avx512_mmm_f32_48x4 48 4 4 8 1 0.0000001582366542690552
avx512_mmm_f32_32x6 32 6 4 8 1 0.00000015878440291355182
avx512_mmm_f32_16x8 16 8 4 8 1 0.00000020530716601312667
avx512_mmm_f32_16x12 16 12 4 8 1 0.00000020701289870962292
fma_mmm_f32_32x3 32 3 4 8 1 0.00000021921681257930031
avx512_mmm_f32_64x3 64 3 4 8 1 0.00000028060751164111304
avx512_mmm_f32_16x1 16 1 4 32 1 0.00000008424771448798566
fma_mmm_f32_32x1 32 1 4 32 1 0.00000009669929708639296
fma_mmm_f32_64x1 64 1 4 32 1 0.00000010998833952669666
fma_mmm_f32_16x5 16 5 4 32 1 0.0000001278232004704318
fma_mmm_f32_40x2 40 2 4 32 1 0.00000012868530990106566
avx512_mmm_f32_128x1 128 1 4 32 1 0.0000001308283617500744
fma_mmm_f32_24x4 24 4 4 32 1 0.00000013299825699229832
fma_mmm_f32_8x8 8 8 4 32 1 0.0000001402450771909126
fma_mmm_f32_16x6 16 6 4 32 1 0.00000015268819628768187
avx512_mmm_f32_32x5 32 5 4 32 1 0.0000001973796712382832
avx512_mmm_f32_80x2 80 2 4 32 1 0.0000001993881248106634
fma_mmm_f32_32x3 32 3 4 32 1 0.00000020384533762057878
avx512_mmm_f32_48x4 48 4 4 32 1 0.00000021830527756318288
avx512_mmm_f32_16x8 16 8 4 32 1 0.0000002238361363123448
avx512_mmm_f32_32x6 32 6 4 32 1 0.0000002442542110195827
avx512_mmm_f32_16x12 16 12 4 32 1 0.0000002446829040341797
avx512_mmm_f32_64x3 64 3 4 32 1 0.0000003446859350721421
avx512_mmm_f32_16x1 16 1 4 128 1 0.00000012196052290480764
fma_mmm_f32_32x1 32 1 4 128 1 0.0000001711739717414465
fma_mmm_f32_64x1 64 1 4 128 1 0.00000020077781776239905
fma_mmm_f32_40x2 40 2 4 128 1 0.00000022910131496905681
fma_mmm_f32_8x8 8 8 4 128 1 0.00000022960464064933227
fma_mmm_f32_16x5 16 5 4 128 1 0.00000025059736631391047
fma_mmm_f32_24x4 24 4 4 128 1 0.0000002531824549017572
fma_mmm_f32_32x3 32 3 4 128 1 0.00000025478324804494726
fma_mmm_f32_16x6 16 6 4 128 1 0.0000002729045103970784
avx512_mmm_f32_16x8 16 8 4 128 1 0.0000003353944767422502
avx512_mmm_f32_80x2 80 2 4 128 1 0.0000004118519395671703
avx512_mmm_f32_128x1 128 1 4 128 1 0.000000412728840997794
avx512_mmm_f32_32x5 32 5 4 128 1 0.00000044538451708964844
avx512_mmm_f32_48x4 48 4 4 128 1 0.0000004572783983983984
avx512_mmm_f32_64x3 64 3 4 128 1 0.0000004688189176822151
avx512_mmm_f32_16x12 16 12 4 128 1 0.000000483620155143339
avx512_mmm_f32_32x6 32 6 4 128 1 0.000000507413408619975
avx512_mmm_f32_16x1 16 1 4 512 1 0.00000026376527005931944
fma_mmm_f32_32x1 32 1 4 512 1 0.0000005676552391633487
fma_mmm_f32_8x8 8 8 4 512 1 0.0000005915792158058419
fma_mmm_f32_16x5 16 5 4 512 1 0.0000006454620042424631
fma_mmm_f32_16x6 16 6 4 512 1 0.0000007734452990927263
fma_mmm_f32_32x3 32 3 4 512 1 0.0000007754364087724641
fma_mmm_f32_40x2 40 2 4 512 1 0.0000007827821286332227
fma_mmm_f32_24x4 24 4 4 512 1 0.0000007859203783698564
avx512_mmm_f32_16x8 16 8 4 512 1 0.0000010072335503194888
fma_mmm_f32_64x1 64 1 4 512 1 0.0000010365037956282975
avx512_mmm_f32_32x5 32 5 4 512 1 0.0000012397882588293405
avx512_mmm_f32_80x2 80 2 4 512 1 0.0000012960199574734207
avx512_mmm_f32_128x1 128 1 4 512 1 0.000001342756609436258
avx512_mmm_f32_32x6 32 6 4 512 1 0.0000014665503612167298
avx512_mmm_f32_16x12 16 12 4 512 1 0.0000014846659723448074
avx512_mmm_f32_64x3 64 3 4 512 1 0.0000014920797685662398
avx512_mmm_f32_48x4 48 4 4 512 1 0.0000015462448834272961
avx512_mmm_f32_16x1 16 1 4 2048 1 0.0000008959567625582826
fma_mmm_f32_32x1 32 1 4 2048 1 0.0000020270176435045318
fma_mmm_f32_16x5 16 5 4 2048 1 0.0000023017679945429747
fma_mmm_f32_8x8 8 8 4 2048 1 0.0000023251849076023393
fma_mmm_f32_24x4 24 4 4 2048 1 0.0000027097374218321444
fma_mmm_f32_16x6 16 6 4 2048 1 0.0000027298536195981276
fma_mmm_f32_32x3 32 3 4 2048 1 0.0000027402576496191513
fma_mmm_f32_40x2 40 2 4 2048 1 0.000002793576125948834
avx512_mmm_f32_16x8 16 8 4 2048 1 0.000003568228377896613
fma_mmm_f32_64x1 64 1 4 2048 1 0.000003888188042203986
avx512_mmm_f32_32x5 32 5 4 2048 1 0.000004447284669959587
avx512_mmm_f32_80x2 80 2 4 2048 1 0.000004526722826086956
avx512_mmm_f32_16x12 16 12 4 2048 1 0.0000053062079195341455
avx512_mmm_f32_32x6 32 6 4 2048 1 0.000005311904421949921
avx512_mmm_f32_48x4 48 4 4 2048 1 0.000005407011486260269
avx512_mmm_f32_64x3 64 3 4 2048 1 0.000005413581568415359
avx512_mmm_f32_128x1 128 1 4 2048 1 0.000007148581765935216
avx512_mmm_f32_16x1 16 1 8 8 1 0.00000008117801472063698
fma_mmm_f32_32x1 32 1 8 8 1 0.00000008212035448678046
fma_mmm_f32_64x1 64 1 8 8 1 0.00000008758118603362277
avx512_mmm_f32_128x1 128 1 8 8 1 0.00000009374435569124215
fma_mmm_f32_24x4 24 4 8 8 1 0.00000010280353293474794
fma_mmm_f32_16x5 16 5 8 8 1 0.0000001035904850367545
fma_mmm_f32_40x2 40 2 8 8 1 0.00000010453618937694634
fma_mmm_f32_8x8 8 8 8 8 1 0.00000011616343516442451
fma_mmm_f32_16x6 16 6 8 8 1 0.000000124266640219943
fma_mmm_f32_32x3 32 3 8 8 1 0.00000012785771914167088
avx512_mmm_f32_80x2 80 2 8 8 1 0.00000015185508643141082
avx512_mmm_f32_48x4 48 4 8 8 1 0.00000016202124326591178
avx512_mmm_f32_32x6 32 6 8 8 1 0.00000016322295076736543
avx512_mmm_f32_32x5 32 5 8 8 1 0.00000017507669422067776
avx512_mmm_f32_16x12 16 12 8 8 1 0.0000001864156793154762
avx512_mmm_f32_16x8 16 8 8 8 1 0.00000020946842286530303
avx512_mmm_f32_64x3 64 3 8 8 1 0.00000026302908875357013
avx512_mmm_f32_16x1 16 1 8 32 1 0.0000000890527216212419
fma_mmm_f32_32x1 32 1 8 32 1 0.00000010021610004462653
fma_mmm_f32_64x1 64 1 8 32 1 0.00000011337012357617534
fma_mmm_f32_16x5 16 5 8 32 1 0.0000001303056242645406
fma_mmm_f32_40x2 40 2 8 32 1 0.0000001322367066550144
avx512_mmm_f32_128x1 128 1 8 32 1 0.0000001351898397618976
fma_mmm_f32_24x4 24 4 8 32 1 0.0000001365120284391624
fma_mmm_f32_32x3 32 3 8 32 1 0.00000013708050532063068
fma_mmm_f32_8x8 8 8 8 32 1 0.000000143476138865951
fma_mmm_f32_16x6 16 6 8 32 1 0.0000001565435655646063
avx512_mmm_f32_32x5 32 5 8 32 1 0.0000001999776998834029
avx512_mmm_f32_16x8 16 8 8 32 1 0.00000020171052036799048
avx512_mmm_f32_80x2 80 2 8 32 1 0.00000020222331799128788
avx512_mmm_f32_48x4 48 4 8 32 1 0.00000022210878271372973
avx512_mmm_f32_16x12 16 12 8 32 1 0.0000002229685879208499
avx512_mmm_f32_32x6 32 6 8 32 1 0.00000022314035506153953
avx512_mmm_f32_64x3 64 3 8 32 1 0.0000004286671812483901
avx512_mmm_f32_16x1 16 1 8 128 1 0.00000012555440925460015
fma_mmm_f32_32x1 32 1 8 128 1 0.000000177477260125034
fma_mmm_f32_64x1 64 1 8 128 1 0.00000020544663487467719
fma_mmm_f32_16x5 16 5 8 128 1 0.00000022986833521502826
fma_mmm_f32_40x2 40 2 8 128 1 0.00000023516467023007204
fma_mmm_f32_8x8 8 8 8 128 1 0.0000002351817812410364
fma_mmm_f32_16x6 16 6 8 128 1 0.0000002761540749575337
fma_mmm_f32_32x3 32 3 8 128 1 0.0000002833919407222348
fma_mmm_f32_24x4 24 4 8 128 1 0.00000032838694933438435
avx512_mmm_f32_16x8 16 8 8 128 1 0.0000003353387738407405
avx512_mmm_f32_32x5 32 5 8 128 1 0.0000003984294198686044
avx512_mmm_f32_128x1 128 1 8 128 1 0.00000041685625794015847
avx512_mmm_f32_80x2 80 2 8 128 1 0.0000004178559297218155
avx512_mmm_f32_16x12 16 12 8 128 1 0.00000046169058742352453
avx512_mmm_f32_32x6 32 6 8 128 1 0.000000461981452902983
avx512_mmm_f32_48x4 48 4 8 128 1 0.0000005597258854016699
avx512_mmm_f32_64x3 64 3 8 128 1 0.0000005995296576576576
avx512_mmm_f32_16x1 16 1 8 512 1 0.0000002647479728285232
fma_mmm_f32_32x1 32 1 8 512 1 0.0000005684339699583761
fma_mmm_f32_8x8 8 8 8 512 1 0.0000005833000182737407
fma_mmm_f32_16x5 16 5 8 512 1 0.0000006553908674495557
fma_mmm_f32_32x3 32 3 8 512 1 0.0000007689810388998036
fma_mmm_f32_24x4 24 4 8 512 1 0.0000007705371607006855
fma_mmm_f32_16x6 16 6 8 512 1 0.000000773166026160075
fma_mmm_f32_40x2 40 2 8 512 1 0.0000007853828241945217
avx512_mmm_f32_16x8 16 8 8 512 1 0.000001004481417624521
fma_mmm_f32_64x1 64 1 8 512 1 0.0000010457199345335512
avx512_mmm_f32_32x5 32 5 8 512 1 0.0000012460624635892375
avx512_mmm_f32_80x2 80 2 8 512 1 0.0000012595558428398311
avx512_mmm_f32_128x1 128 1 8 512 1 0.000001347699352917287
avx512_mmm_f32_16x12 16 12 8 512 1 0.0000014498969452954046
avx512_mmm_f32_32x6 32 6 8 512 1 0.0000014533084294587398
avx512_mmm_f32_48x4 48 4 8 512 1 0.0000014785911867416397
avx512_mmm_f32_64x3 64 3 8 512 1 0.000001486609510572231
avx512_mmm_f32_16x1 16 1 8 2048 1 0.0000008948072485364556
fma_mmm_f32_32x1 32 1 8 2048 1 0.0000020282445630101533
fma_mmm_f32_8x8 8 8 8 2048 1 0.0000022833660923654137
fma_mmm_f32_16x5 16 5 8 2048 1 0.000002288240932145305
fma_mmm_f32_24x4 24 4 8 2048 1 0.0000027257181628162815
fma_mmm_f32_16x6 16 6 8 2048 1 0.0000027383233866519583
fma_mmm_f32_40x2 40 2 8 2048 1 0.0000027954507492317323
fma_mmm_f32_32x3 32 3 8 2048 1 0.000002808275575270307
avx512_mmm_f32_16x8 16 8 8 2048 1 0.0000035794072375590272
fma_mmm_f32_64x1 64 1 8 2048 1 0.000003899938620689655
avx512_mmm_f32_32x5 32 5 8 2048 1 0.0000044521170151921356
avx512_mmm_f32_80x2 80 2 8 2048 1 0.000004724590177353344
avx512_mmm_f32_32x6 32 6 8 2048 1 0.000005310880387722133
avx512_mmm_f32_16x12 16 12 8 2048 1 0.000005316616751592357
avx512_mmm_f32_48x4 48 4 8 2048 1 0.000005418492303463441
avx512_mmm_f32_64x3 64 3 8 2048 1 0.000005601306825827456
avx512_mmm_f32_128x1 128 1 8 2048 1 0.000007154134768882535
avx512_mmm_f32_16x1 16 1 16 8 1 0.00000006231764928414543
fma_mmm_f32_32x1 32 1 16 8 1 0.00000009125421900932273
fma_mmm_f32_64x1 64 1 16 8 1 0.0000000939933485920911
avx512_mmm_f32_128x1 128 1 16 8 1 0.00000010013591058685525
fma_mmm_f32_24x4 24 4 16 8 1 0.00000010951637056446848
fma_mmm_f32_16x5 16 5 16 8 1 0.00000011125235570794322
fma_mmm_f32_40x2 40 2 16 8 1 0.00000011220337463100459
fma_mmm_f32_16x6 16 6 16 8 1 0.00000013265561204138724
avx512_mmm_f32_16x8 16 8 16 8 1 0.00000014411622372777267
avx512_mmm_f32_80x2 80 2 16 8 1 0.000000161290188598723
avx512_mmm_f32_32x5 32 5 16 8 1 0.00000016172031581865933
fma_mmm_f32_8x8 8 8 16 8 1 0.0000001685743296749832
avx512_mmm_f32_48x4 48 4 16 8 1 0.00000016907378204572636
fma_mmm_f32_32x3 32 3 16 8 1 0.0000001698698978142644
avx512_mmm_f32_16x12 16 12 16 8 1 0.00000017028309988245116
avx512_mmm_f32_32x6 32 6 16 8 1 0.00000017165233102304365
avx512_mmm_f32_64x3 64 3 16 8 1 0.0000002428248607221813
avx512_mmm_f32_16x1 16 1 16 32 1 0.00000006992765369911675
fma_mmm_f32_32x1 32 1 16 32 1 0.00000010388870956835344
fma_mmm_f32_64x1 64 1 16 32 1 0.0000001290651702017589
fma_mmm_f32_16x5 16 5 16 32 1 0.00000014211076184929416
avx512_mmm_f32_128x1 128 1 16 32 1 0.0000001423888213828425
fma_mmm_f32_40x2 40 2 16 32 1 0.00000014377311693385033
fma_mmm_f32_24x4 24 4 16 32 1 0.0000001494534864149137
fma_mmm_f32_32x3 32 3 16 32 1 0.00000014987040714349077
fma_mmm_f32_16x6 16 6 16 32 1 0.00000016318201839676008
avx512_mmm_f32_16x8 16 8 16 32 1 0.00000018343155513023915
avx512_mmm_f32_32x5 32 5 16 32 1 0.00000020801151257388383
avx512_mmm_f32_80x2 80 2 16 32 1 0.00000021198480369614269
fma_mmm_f32_8x8 8 8 16 32 1 0.00000022228483756834995
avx512_mmm_f32_48x4 48 4 16 32 1 0.0000002287588766316686
avx512_mmm_f32_16x12 16 12 16 32 1 0.0000002298693056919108
avx512_mmm_f32_32x6 32 6 16 32 1 0.00000025312005266282875
avx512_mmm_f32_64x3 64 3 16 32 1 0.0000003049730425179459
avx512_mmm_f32_16x1 16 1 16 128 1 0.00000010641933188774707
fma_mmm_f32_32x1 32 1 16 128 1 0.00000018063620355351014
fma_mmm_f32_64x1 64 1 16 128 1 0.00000022472848030357787
fma_mmm_f32_16x5 16 5 16 128 1 0.00000024504893315075316
fma_mmm_f32_40x2 40 2 16 128 1 0.0000002461033579090125
fma_mmm_f32_24x4 24 4 16 128 1 0.0000002722182744049387
fma_mmm_f32_32x3 32 3 16 128 1 0.00000027373361181641956
fma_mmm_f32_16x6 16 6 16 128 1 0.0000002864795629047178
avx512_mmm_f32_16x8 16 8 16 128 1 0.0000003455006367066896
fma_mmm_f32_8x8 8 8 16 128 1 0.0000004026357205452775
avx512_mmm_f32_80x2 80 2 16 128 1 0.00000042572876446883295
avx512_mmm_f32_128x1 128 1 16 128 1 0.00000042718751247327164
avx512_mmm_f32_32x5 32 5 16 128 1 0.0000004384010246045694
avx512_mmm_f32_16x12 16 12 16 128 1 0.00000047021157032896997
avx512_mmm_f32_64x3 64 3 16 128 1 0.0000004773248844979457
avx512_mmm_f32_48x4 48 4 16 128 1 0.000000495741746079919
avx512_mmm_f32_32x6 32 6 16 128 1 0.0000005736031841843597
avx512_mmm_f32_16x1 16 1 16 512 1 0.0000002467976044870635
fma_mmm_f32_32x1 32 1 16 512 1 0.0000005889380131372435
fma_mmm_f32_16x5 16 5 16 512 1 0.0000006658967463259631
fma_mmm_f32_16x6 16 6 16 512 1 0.0000007895211019985669
fma_mmm_f32_24x4 24 4 16 512 1 0.0000007985130566753614
fma_mmm_f32_32x3 32 3 16 512 1 0.0000008025350750119069
fma_mmm_f32_40x2 40 2 16 512 1 0.0000008083883745466536
avx512_mmm_f32_16x8 16 8 16 512 1 0.000001047418597921337
fma_mmm_f32_64x1 64 1 16 512 1 0.0000010648917972752041
fma_mmm_f32_8x8 8 8 16 512 1 0.0000011835921854264687
avx512_mmm_f32_32x5 32 5 16 512 1 0.000001256727883248731
avx512_mmm_f32_80x2 80 2 16 512 1 0.0000012733688685248823
avx512_mmm_f32_128x1 128 1 16 512 1 0.0000013606503208584829
avx512_mmm_f32_32x6 32 6 16 512 1 0.000001463238963161213
avx512_mmm_f32_16x12 16 12 16 512 1 0.0000014863946721191759
avx512_mmm_f32_64x3 64 3 16 512 1 0.0000014919151172341694
avx512_mmm_f32_48x4 48 4 16 512 1 0.0000014948228955625277
avx512_mmm_f32_16x1 16 1 16 2048 1 0.0000008667180965814802
fma_mmm_f32_32x1 32 1 16 2048 1 0.000002019799130611415
fma_mmm_f32_16x5 16 5 16 2048 1 0.000002300614842549923
fma_mmm_f32_24x4 24 4 16 2048 1 0.000002716687154117967
fma_mmm_f32_16x6 16 6 16 2048 1 0.000002727353336414376
fma_mmm_f32_32x3 32 3 16 2048 1 0.000002802371889526935
fma_mmm_f32_40x2 40 2 16 2048 1 0.000002817255965517241
avx512_mmm_f32_16x8 16 8 16 2048 1 0.0000035895075565123787
fma_mmm_f32_64x1 64 1 16 2048 1 0.000003899208540031398
fma_mmm_f32_8x8 8 8 16 2048 1 0.000004473008152866243
avx512_mmm_f32_32x5 32 5 16 2048 1 0.000004475180080464907
avx512_mmm_f32_80x2 80 2 16 2048 1 0.0000045720505753424645
avx512_mmm_f32_32x6 32 6 16 2048 1 0.000005324310666792417
avx512_mmm_f32_16x12 16 12 16 2048 1 0.000005326112200319658
avx512_mmm_f32_48x4 48 4 16 2048 1 0.00000544853323967808
avx512_mmm_f32_64x3 64 3 16 2048 1 0.00000562735022850925
avx512_mmm_f32_128x1 128 1 16 2048 1 0.000007474457707865169
fma_mmm_f32_32x1 32 1 24 8 1 0.00000010091841267402245
avx512_mmm_f32_16x1 16 1 24 8 1 0.00000010148598543240328
fma_mmm_f32_64x1 64 1 24 8 1 0.00000010423975478927203
avx512_mmm_f32_128x1 128 1 24 8 1 0.00000010964921722744289
fma_mmm_f32_24x4 24 4 24 8 1 0.0000001218978386376868
fma_mmm_f32_40x2 40 2 24 8 1 0.00000012378133908240882
avx512_mmm_f32_32x5 32 5 24 8 1 0.0000001720634489573395
avx512_mmm_f32_80x2 80 2 24 8 1 0.00000017233164562152927
fma_mmm_f32_32x3 32 3 24 8 1 0.000000177093856479466
fma_mmm_f32_16x5 16 5 24 8 1 0.00000017916115900036218
avx512_mmm_f32_48x4 48 4 24 8 1 0.0000001830282777746335
avx512_mmm_f32_32x6 32 6 24 8 1 0.0000001835748594743265
fma_mmm_f32_16x6 16 6 24 8 1 0.00000019304731917094474
avx512_mmm_f32_64x3 64 3 24 8 1 0.00000020265458255802065
fma_mmm_f32_8x8 8 8 24 8 1 0.00000021997865694533976
avx512_mmm_f32_16x8 16 8 24 8 1 0.0000002464145854028529
avx512_mmm_f32_16x12 16 12 24 8 1 0.0000002955750291757842
fma_mmm_f32_32x1 32 1 24 32 1 0.00000011850979999254169
fma_mmm_f32_64x1 64 1 24 32 1 0.00000013287054433413217
avx512_mmm_f32_16x1 16 1 24 32 1 0.00000014870878168202768
avx512_mmm_f32_128x1 128 1 24 32 1 0.0000001502271692912724
fma_mmm_f32_40x2 40 2 24 32 1 0.0000001527709411205058
fma_mmm_f32_24x4 24 4 24 32 1 0.00000015899423983720447
fma_mmm_f32_32x3 32 3 24 32 1 0.00000015916713464341197
avx512_mmm_f32_32x5 32 5 24 32 1 0.00000022056646385316242
avx512_mmm_f32_80x2 80 2 24 32 1 0.00000022199262747891128
fma_mmm_f32_16x5 16 5 24 32 1 0.00000023406636530354633
avx512_mmm_f32_48x4 48 4 24 32 1 0.00000024160631085449204
avx512_mmm_f32_32x6 32 6 24 32 1 0.0000002418954337176506
fma_mmm_f32_16x6 16 6 24 32 1 0.00000025520695254489865
avx512_mmm_f32_64x3 64 3 24 32 1 0.0000002682714945770065
avx512_mmm_f32_16x8 16 8 24 32 1 0.00000029565772318647085
fma_mmm_f32_8x8 8 8 24 32 1 0.0000002967945569031297
avx512_mmm_f32_16x12 16 12 24 32 1 0.0000003890456000313025
avx512_mmm_f32_16x1 16 1 24 128 1 0.00000018523071741722459
fma_mmm_f32_32x1 32 1 24 128 1 0.00000019082994107178167
fma_mmm_f32_64x1 64 1 24 128 1 0.00000023050585092828537
fma_mmm_f32_40x2 40 2 24 128 1 0.0000002535554061539243
fma_mmm_f32_24x4 24 4 24 128 1 0.0000002781334311054271
fma_mmm_f32_32x3 32 3 24 128 1 0.00000027972903305391234
fma_mmm_f32_16x5 16 5 24 128 1 0.00000040997316751892
avx512_mmm_f32_128x1 128 1 24 128 1 0.00000043409477090876575
avx512_mmm_f32_32x5 32 5 24 128 1 0.00000043920546565288086
avx512_mmm_f32_80x2 80 2 24 128 1 0.0000004426106618393747
avx512_mmm_f32_32x6 32 6 24 128 1 0.0000004829674931294829
avx512_mmm_f32_64x3 64 3 24 128 1 0.0000004924407512940596
avx512_mmm_f32_48x4 48 4 24 128 1 0.0000005314323128697826
fma_mmm_f32_8x8 8 8 24 128 1 0.0000005695075723472668
fma_mmm_f32_16x6 16 6 24 128 1 0.0000006027829965577633
avx512_mmm_f32_16x8 16 8 24 128 1 0.0000006191985037714851
avx512_mmm_f32_16x12 16 12 24 128 1 0.0000009693180549354558
avx512_mmm_f32_16x1 16 1 24 512 1 0.000000488763969480777
fma_mmm_f32_32x1 32 1 24 512 1 0.0000005850302086387178
fma_mmm_f32_24x4 24 4 24 512 1 0.0000007981780973059913
fma_mmm_f32_32x3 32 3 24 512 1 0.0000008068768884507968
fma_mmm_f32_40x2 40 2 24 512 1 0.0000008205127792848335
fma_mmm_f32_64x1 64 1 24 512 1 0.0000010672039712606139
avx512_mmm_f32_32x5 32 5 24 512 1 0.0000012666054336899085
fma_mmm_f32_16x5 16 5 24 512 1 0.0000012685320670109585
avx512_mmm_f32_80x2 80 2 24 512 1 0.0000012941229781173119
avx512_mmm_f32_128x1 128 1 24 512 1 0.000001360310552194773
avx512_mmm_f32_32x6 32 6 24 512 1 0.0000014957777867078822
fma_mmm_f32_16x6 16 6 24 512 1 0.0000015112359353767173
avx512_mmm_f32_48x4 48 4 24 512 1 0.0000015161240582347588
avx512_mmm_f32_64x3 64 3 24 512 1 0.0000015410162985345216
fma_mmm_f32_8x8 8 8 24 512 1 0.0000018016774005891017
avx512_mmm_f32_16x8 16 8 24 512 1 0.0000019745669269289052
avx512_mmm_f32_16x12 16 12 24 512 1 0.0000029061699517730495
avx512_mmm_f32_16x1 16 1 24 2048 1 0.0000017515318705035974
fma_mmm_f32_32x1 32 1 24 2048 1 0.0000020398297153145807
fma_mmm_f32_24x4 24 4 24 2048 1 0.000002738556788640086
fma_mmm_f32_32x3 32 3 24 2048 1 0.0000028061885636330005
fma_mmm_f32_40x2 40 2 24 2048 1 0.0000028312939130434775
fma_mmm_f32_64x1 64 1 24 2048 1 0.000003908262440944882
avx512_mmm_f32_32x5 32 5 24 2048 1 0.000004486265125448028
fma_mmm_f32_16x5 16 5 24 2048 1 0.000004551582599277979
avx512_mmm_f32_80x2 80 2 24 2048 1 0.000004575323549862763
avx512_mmm_f32_32x6 32 6 24 2048 1 0.000005338555502958579
fma_mmm_f32_16x6 16 6 24 2048 1 0.000005383295736643282
avx512_mmm_f32_64x3 64 3 24 2048 1 0.000005450978900953013
avx512_mmm_f32_48x4 48 4 24 2048 1 0.000005452850290961993
fma_mmm_f32_8x8 8 8 24 2048 1 0.000006769486151742993
avx512_mmm_f32_16x8 16 8 24 2048 1 0.0000073277164022662895
avx512_mmm_f32_128x1 128 1 24 2048 1 0.000007359437484692627
avx512_mmm_f32_16x12 16 12 24 2048 1 0.000010548918161040788
fma_mmm_f32_32x1 32 1 32 8 1 0.00000006188515496414799
fma_mmm_f32_64x1 64 1 32 8 1 0.00000011207210717881207
avx512_mmm_f32_16x1 16 1 32 8 1 0.00000011399883698239861
avx512_mmm_f32_128x1 128 1 32 8 1 0.000000117659977355311
fma_mmm_f32_40x2 40 2 32 8 1 0.0000001311959585187526
fma_mmm_f32_32x3 32 3 32 8 1 0.0000001344468331800019
fma_mmm_f32_16x5 16 5 32 8 1 0.00000015771544967640572
fma_mmm_f32_24x4 24 4 32 8 1 0.00000016343402839804905
avx512_mmm_f32_32x5 32 5 32 8 1 0.00000018092993941137342
avx512_mmm_f32_80x2 80 2 32 8 1 0.00000018169521528098182
avx512_mmm_f32_48x4 48 4 32 8 1 0.00000019115218215135096
avx512_mmm_f32_64x3 64 3 32 8 1 0.00000019161880358862028
avx512_mmm_f32_32x6 32 6 32 8 1 0.00000019316558446663
fma_mmm_f32_16x6 16 6 32 8 1 0.00000020138134817664633
avx512_mmm_f32_16x8 16 8 32 8 1 0.00000022644827777529192
fma_mmm_f32_8x8 8 8 32 8 1 0.0000002700842299580948
avx512_mmm_f32_16x12 16 12 32 8 1 0.00000028055513360901186
fma_mmm_f32_32x1 32 1 32 32 1 0.00000008040086332610015
avx512_mmm_f32_16x1 16 1 32 32 1 0.00000013341330665090795
fma_mmm_f32_64x1 64 1 32 32 1 0.00000014169930363543262
avx512_mmm_f32_128x1 128 1 32 32 1 0.00000015815153550863723
fma_mmm_f32_40x2 40 2 32 32 1 0.00000016136828503040496
fma_mmm_f32_32x3 32 3 32 32 1 0.00000016762228843982265
fma_mmm_f32_16x5 16 5 32 32 1 0.00000022320469338312104
avx512_mmm_f32_32x5 32 5 32 32 1 0.00000022916617657856096
avx512_mmm_f32_80x2 80 2 32 32 1 0.00000023078278317748394
fma_mmm_f32_24x4 24 4 32 32 1 0.0000002337835491461454
avx512_mmm_f32_48x4 48 4 32 32 1 0.00000025017583837343975
avx512_mmm_f32_32x6 32 6 32 32 1 0.0000002521610660881692
avx512_mmm_f32_64x3 64 3 32 32 1 0.0000002524883054941144
fma_mmm_f32_16x6 16 6 32 32 1 0.0000002626376261562462
avx512_mmm_f32_16x8 16 8 32 32 1 0.0000003046949145376578
fma_mmm_f32_8x8 8 8 32 32 1 0.000000380894874690594
avx512_mmm_f32_16x12 16 12 32 32 1 0.00000039842069048865977
fma_mmm_f32_32x1 32 1 32 128 1 0.00000015392115405027257
avx512_mmm_f32_16x1 16 1 32 128 1 0.00000020279576222552352
fma_mmm_f32_64x1 64 1 32 128 1 0.0000002346224673371558
fma_mmm_f32_40x2 40 2 32 128 1 0.00000026259849189644283
fma_mmm_f32_32x3 32 3 32 128 1 0.00000028998246129888356
fma_mmm_f32_16x5 16 5 32 128 1 0.00000042606203912781174
avx512_mmm_f32_32x5 32 5 32 128 1 0.0000004308578266735561
avx512_mmm_f32_128x1 128 1 32 128 1 0.00000044183856499008466
avx512_mmm_f32_80x2 80 2 32 128 1 0.0000004485928110681879
fma_mmm_f32_24x4 24 4 32 128 1 0.0000004773107548340892
avx512_mmm_f32_48x4 48 4 32 128 1 0.0000004916634849941799
avx512_mmm_f32_32x6 32 6 32 128 1 0.000000493552943299921
avx512_mmm_f32_64x3 64 3 32 128 1 0.0000004990979589705022
fma_mmm_f32_16x6 16 6 32 128 1 0.0000005076067506604349
avx512_mmm_f32_16x8 16 8 32 128 1 0.0000006289711394953753
fma_mmm_f32_8x8 8 8 32 128 1 0.0000007441127471049682
avx512_mmm_f32_16x12 16 12 32 128 1 0.0000008911133239138114
fma_mmm_f32_32x1 32 1 32 512 1 0.0000005494449659565121
avx512_mmm_f32_16x1 16 1 32 512 1 0.0000007900774172719937
fma_mmm_f32_32x3 32 3 32 512 1 0.0000008134175874845615
fma_mmm_f32_40x2 40 2 32 512 1 0.0000008209992559670783
fma_mmm_f32_64x1 64 1 32 512 1 0.000001074914814612072
fma_mmm_f32_16x5 16 5 32 512 1 0.0000012716063969525808
avx512_mmm_f32_32x5 32 5 32 512 1 0.0000012806630047759158
avx512_mmm_f32_80x2 80 2 32 512 1 0.0000012913256288495497
avx512_mmm_f32_128x1 128 1 32 512 1 0.0000013712703863134662
fma_mmm_f32_24x4 24 4 32 512 1 0.0000014847784333733494
avx512_mmm_f32_32x6 32 6 32 512 1 0.0000014860199878665842
avx512_mmm_f32_48x4 48 4 32 512 1 0.000001516763310751806
fma_mmm_f32_16x6 16 6 32 512 1 0.0000015192712426035504
avx512_mmm_f32_64x3 64 3 32 512 1 0.0000015557952140904947
avx512_mmm_f32_16x8 16 8 32 512 1 0.0000019985688982804906
fma_mmm_f32_8x8 8 8 32 512 1 0.000002392926428740251
avx512_mmm_f32_16x12 16 12 32 512 1 0.0000029256383456930975
avx512_mmm_f32_16x1 16 1 32 2048 1 0.0000017345108519868122
fma_mmm_f32_32x1 32 1 32 2048 1 0.0000020021375329341317
fma_mmm_f32_32x3 32 3 32 2048 1 0.000002787729370473537
fma_mmm_f32_40x2 40 2 32 2048 1 0.000002834316769623122
fma_mmm_f32_64x1 64 1 32 2048 1 0.000003918640567599527
avx512_mmm_f32_32x5 32 5 32 2048 1 0.000004500549422382672
fma_mmm_f32_16x5 16 5 32 2048 1 0.000004522444620491926
avx512_mmm_f32_80x2 80 2 32 2048 1 0.000004573435480329369
avx512_mmm_f32_32x6 32 6 32 2048 1 0.000005344436058558557
fma_mmm_f32_16x6 16 6 32 2048 1 0.000005373444384739387
fma_mmm_f32_24x4 24 4 32 2048 1 0.000005393531272727273
avx512_mmm_f32_48x4 48 4 32 2048 1 0.0000054611547293603065
avx512_mmm_f32_64x3 64 3 32 2048 1 0.0000055830115283842786
avx512_mmm_f32_16x8 16 8 32 2048 1 0.000007094613851431274
avx512_mmm_f32_128x1 128 1 32 2048 1 0.00000863622504347826
fma_mmm_f32_8x8 8 8 32 2048 1 0.00000901245931195423
avx512_mmm_f32_16x12 16 12 32 2048 1 0.000010563621141649051
fma_mmm_f32_32x1 32 1 48 8 1 0.00000010598612660200903
fma_mmm_f32_64x1 64 1 48 8 1 0.00000012801300367818477
avx512_mmm_f32_128x1 128 1 48 8 1 0.0000001352112930922524
avx512_mmm_f32_16x1 16 1 48 8 1 0.00000015724632287414704
fma_mmm_f32_24x4 24 4 48 8 1 0.00000018098579004564225
fma_mmm_f32_40x2 40 2 48 8 1 0.00000018334037912439452
fma_mmm_f32_32x3 32 3 48 8 1 0.00000018855258962165056
avx512_mmm_f32_80x2 80 2 48 8 1 0.0000001966568093721744
avx512_mmm_f32_64x3 64 3 48 8 1 0.00000020267840720896248
fma_mmm_f32_16x5 16 5 48 8 1 0.00000020494077927401667
avx512_mmm_f32_48x4 48 4 48 8 1 0.00000020686662206513506
fma_mmm_f32_16x6 16 6 48 8 1 0.00000026679808183532034
avx512_mmm_f32_32x6 32 6 48 8 1 0.00000030000259553704433
avx512_mmm_f32_32x5 32 5 48 8 1 0.00000030371920053786437
avx512_mmm_f32_16x8 16 8 48 8 1 0.00000030480975892345285
fma_mmm_f32_8x8 8 8 48 8 1 0.0000003749806287196703
avx512_mmm_f32_16x12 16 12 48 8 1 0.00000038449225844415677
fma_mmm_f32_64x1 64 1 48 32 1 0.0000001597768136638148
fma_mmm_f32_32x1 32 1 48 32 1 0.0000001749842004132877
avx512_mmm_f32_128x1 128 1 48 32 1 0.00000017546136005897707
avx512_mmm_f32_16x1 16 1 48 32 1 0.00000019948022176474183
fma_mmm_f32_40x2 40 2 48 32 1 0.00000024046534812670845
avx512_mmm_f32_80x2 80 2 48 32 1 0.0000002478827388184922
fma_mmm_f32_24x4 24 4 48 32 1 0.0000002532062291072157
fma_mmm_f32_32x3 32 3 48 32 1 0.0000002557376823197331
avx512_mmm_f32_48x4 48 4 48 32 1 0.0000002670427243703441
avx512_mmm_f32_64x3 64 3 48 32 1 0.00000026991664479748414
fma_mmm_f32_16x5 16 5 48 32 1 0.00000030493842012219706
fma_mmm_f32_16x6 16 6 48 32 1 0.0000003705617951098731
avx512_mmm_f32_32x5 32 5 48 32 1 0.0000003765014989912833
avx512_mmm_f32_32x6 32 6 48 32 1 0.0000004218607310118378
avx512_mmm_f32_16x8 16 8 48 32 1 0.0000004225929064371889
fma_mmm_f32_8x8 8 8 48 32 1 0.0000005272326511226251
avx512_mmm_f32_16x12 16 12 48 32 1 0.0000005690699231563253
fma_mmm_f32_64x1 64 1 48 128 1 0.00000025610589220888024
avx512_mmm_f32_16x1 16 1 48 128 1 0.0000003081236629258036
fma_mmm_f32_32x1 32 1 48 128 1 0.0000003286184918063431
fma_mmm_f32_40x2 40 2 48 128 1 0.00000045809500711694746
avx512_mmm_f32_128x1 128 1 48 128 1 0.00000046361676481762934
avx512_mmm_f32_80x2 80 2 48 128 1 0.0000004739866590779738
fma_mmm_f32_24x4 24 4 48 128 1 0.0000004954547012246103
fma_mmm_f32_32x3 32 3 48 128 1 0.0000004994224339073675
avx512_mmm_f32_48x4 48 4 48 128 1 0.0000005095183523689772
avx512_mmm_f32_64x3 64 3 48 128 1 0.0000005350547919909818
fma_mmm_f32_16x5 16 5 48 128 1 0.0000006060597804342523
fma_mmm_f32_16x6 16 6 48 128 1 0.0000007357706766696086
avx512_mmm_f32_32x5 32 5 48 128 1 0.0000007875627161373776
avx512_mmm_f32_32x6 32 6 48 128 1 0.0000009134312231282431
avx512_mmm_f32_16x8 16 8 48 128 1 0.00000091458905625248
fma_mmm_f32_8x8 8 8 48 128 1 0.0000010768959464794909
avx512_mmm_f32_16x12 16 12 48 128 1 0.0000012925430771231628
avx512_mmm_f32_16x1 16 1 48 512 1 0.0000007420932037037036
fma_mmm_f32_32x1 32 1 48 512 1 0.000001080763076476618
fma_mmm_f32_64x1 64 1 48 512 1 0.0000010898967507568112
avx512_mmm_f32_80x2 80 2 48 512 1 0.0000013122197090813788
avx512_mmm_f32_128x1 128 1 48 512 1 0.0000013895951631586386
fma_mmm_f32_24x4 24 4 48 512 1 0.0000015047073098887884
fma_mmm_f32_32x3 32 3 48 512 1 0.0000015195985377791374
fma_mmm_f32_40x2 40 2 48 512 1 0.0000015334379373848988
avx512_mmm_f32_48x4 48 4 48 512 1 0.0000015376386797373387
avx512_mmm_f32_64x3 64 3 48 512 1 0.0000015599603806015958
fma_mmm_f32_16x5 16 5 48 512 1 0.000001867027504168983
fma_mmm_f32_16x6 16 6 48 512 1 0.000002232041856692204
avx512_mmm_f32_32x5 32 5 48 512 1 0.000002474424160893947
avx512_mmm_f32_32x6 32 6 48 512 1 0.000002869529331352155
avx512_mmm_f32_16x8 16 8 48 512 1 0.000002967959776864357
fma_mmm_f32_8x8 8 8 48 512 1 0.000003566693922187172
avx512_mmm_f32_16x12 16 12 48 512 1 0.000004295130606319385
avx512_mmm_f32_16x1 16 1 48 2048 1 0.000002605279325181159
fma_mmm_f32_64x1 64 1 48 2048 1 0.000003935721419141913
fma_mmm_f32_32x1 32 1 48 2048 1 0.000003988189471947194
avx512_mmm_f32_80x2 80 2 48 2048 1 0.000004593318455882354
fma_mmm_f32_24x4 24 4 48 2048 1 0.000005438595314347124
avx512_mmm_f32_48x4 48 4 48 2048 1 0.0000054793147133990505
fma_mmm_f32_32x3 32 3 48 2048 1 0.000005481011297688137
fma_mmm_f32_40x2 40 2 48 2048 1 0.000005569089307353012
avx512_mmm_f32_64x3 64 3 48 2048 1 0.000005610361444991789
fma_mmm_f32_16x5 16 5 48 2048 1 0.0000067308374859708195
avx512_mmm_f32_128x1 128 1 48 2048 1 0.00000779094665625
fma_mmm_f32_16x6 16 6 48 2048 1 0.000008023007579745235
avx512_mmm_f32_32x5 32 5 48 2048 1 0.000008901615329768272
avx512_mmm_f32_32x6 32 6 48 2048 1 0.00001058211509071505
avx512_mmm_f32_16x8 16 8 48 2048 1 0.000010603080297239915
fma_mmm_f32_8x8 8 8 48 2048 1 0.000013402012724832211
avx512_mmm_f32_16x12 16 12 48 2048 1 0.00001581575481012658
fma_mmm_f32_64x1 64 1 64 8 1 0.0000000657118177460588
fma_mmm_f32_32x1 32 1 64 8 1 0.00000009763297412885712
avx512_mmm_f32_128x1 128 1 64 8 1 0.0000001515474356007165
fma_mmm_f32_40x2 40 2 64 8 1 0.00000020211741644950396
fma_mmm_f32_32x3 32 3 64 8 1 0.0000002047427948675769
avx512_mmm_f32_80x2 80 2 64 8 1 0.00000021353259492544755
avx512_mmm_f32_16x1 16 1 64 8 1 0.0000002190274797599771
avx512_mmm_f32_64x3 64 3 64 8 1 0.0000002194068147628341
fma_mmm_f32_24x4 24 4 64 8 1 0.00000023051033066224553
fma_mmm_f32_16x5 16 5 64 8 1 0.0000002669350326447608
avx512_mmm_f32_32x5 32 5 64 8 1 0.0000002968193503664092
avx512_mmm_f32_48x4 48 4 64 8 1 0.00000031144625469835004
avx512_mmm_f32_32x6 32 6 64 8 1 0.0000003174742914664172
fma_mmm_f32_16x6 16 6 64 8 1 0.00000034512273735872537
avx512_mmm_f32_16x8 16 8 64 8 1 0.000000394552021776007
fma_mmm_f32_8x8 8 8 64 8 1 0.0000004738081415248534
avx512_mmm_f32_16x12 16 12 64 8 1 0.0000004997028426653154
fma_mmm_f32_64x1 64 1 64 32 1 0.00000008931635627226701
fma_mmm_f32_32x1 32 1 64 32 1 0.00000015503943534726144
avx512_mmm_f32_128x1 128 1 64 32 1 0.000000192369177490943
fma_mmm_f32_40x2 40 2 64 32 1 0.00000026241422259848145
avx512_mmm_f32_80x2 80 2 64 32 1 0.0000002648376721598599
avx512_mmm_f32_16x1 16 1 64 32 1 0.0000002661289309376449
fma_mmm_f32_32x3 32 3 64 32 1 0.00000027503533887043195
avx512_mmm_f32_64x3 64 3 64 32 1 0.00000028741654122938135
fma_mmm_f32_24x4 24 4 64 32 1 0.0000003389194950930626
fma_mmm_f32_16x5 16 5 64 32 1 0.00000039030182304364934
avx512_mmm_f32_32x5 32 5 64 32 1 0.0000003989544451540795
avx512_mmm_f32_48x4 48 4 64 32 1 0.0000004353171461988304
avx512_mmm_f32_32x6 32 6 64 32 1 0.0000004399917319643339
fma_mmm_f32_16x6 16 6 64 32 1 0.0000004766150140269127
avx512_mmm_f32_16x8 16 8 64 32 1 0.0000005527941692755533
fma_mmm_f32_8x8 8 8 64 32 1 0.000000672207012345679
avx512_mmm_f32_16x12 16 12 64 32 1 0.0000007400886873650512
fma_mmm_f32_64x1 64 1 64 128 1 0.00000019169641652841541
fma_mmm_f32_32x1 32 1 64 128 1 0.0000003065344243274257
avx512_mmm_f32_16x1 16 1 64 128 1 0.00000041108136783274687
fma_mmm_f32_40x2 40 2 64 128 1 0.0000004785676451812681
avx512_mmm_f32_128x1 128 1 64 128 1 0.0000004797238751472319
avx512_mmm_f32_80x2 80 2 64 128 1 0.0000004863559791423383
fma_mmm_f32_32x3 32 3 64 128 1 0.0000005142466006261868
avx512_mmm_f32_64x3 64 3 64 128 1 0.0000005334825634420579
fma_mmm_f32_24x4 24 4 64 128 1 0.0000007098506160325507
avx512_mmm_f32_32x5 32 5 64 128 1 0.0000007986784421013394
fma_mmm_f32_16x5 16 5 64 128 1 0.0000008016092297838269
avx512_mmm_f32_32x6 32 6 64 128 1 0.0000009222726256564142
avx512_mmm_f32_48x4 48 4 64 128 1 0.0000009574645938697319
fma_mmm_f32_16x6 16 6 64 128 1 0.0000009659973944742902
avx512_mmm_f32_16x8 16 8 64 128 1 0.000001211663125793115
fma_mmm_f32_8x8 8 8 64 128 1 0.0000014238039021631557
avx512_mmm_f32_16x12 16 12 64 128 1 0.0000017352485787408294
avx512_mmm_f32_16x1 16 1 64 512 1 0.000000985226421945137
fma_mmm_f32_64x1 64 1 64 512 1 0.0000010207704258658576
fma_mmm_f32_32x1 32 1 64 512 1 0.000001076159784436301
avx512_mmm_f32_80x2 80 2 64 512 1 0.0000013627799224080271
avx512_mmm_f32_128x1 128 1 64 512 1 0.000001407466887020943
fma_mmm_f32_32x3 32 3 64 512 1 0.0000015369896300901463
fma_mmm_f32_40x2 40 2 64 512 1 0.000001563789297888976
avx512_mmm_f32_64x3 64 3 64 512 1 0.0000015775675714285715
fma_mmm_f32_24x4 24 4 64 512 1 0.0000022243980481223297
fma_mmm_f32_16x5 16 5 64 512 1 0.000002466299809802487
avx512_mmm_f32_32x5 32 5 64 512 1 0.000002490571281795512
avx512_mmm_f32_32x6 32 6 64 512 1 0.0000029007699106611077
avx512_mmm_f32_48x4 48 4 64 512 1 0.0000029463218715476545
fma_mmm_f32_16x6 16 6 64 512 1 0.000002963997572528123
avx512_mmm_f32_16x8 16 8 64 512 1 0.000003866993680154142
fma_mmm_f32_8x8 8 8 64 512 1 0.0000046966304363974
avx512_mmm_f32_16x12 16 12 64 512 1 0.000005669716382022472
avx512_mmm_f32_16x1 16 1 64 2048 1 0.000003460630798056904
fma_mmm_f32_64x1 64 1 64 2048 1 0.000003867124703143189
fma_mmm_f32_32x1 32 1 64 2048 1 0.000004021330112721417
avx512_mmm_f32_80x2 80 2 64 2048 1 0.000004619953678373383
fma_mmm_f32_32x3 32 3 64 2048 1 0.000005490776126914661
avx512_mmm_f32_64x3 64 3 64 2048 1 0.000005492059736263736
fma_mmm_f32_40x2 40 2 64 2048 1 0.000005592332189542484
avx512_mmm_f32_128x1 128 1 64 2048 1 0.000007743340574088442
fma_mmm_f32_24x4 24 4 64 2048 1 0.000008120623750000001
avx512_mmm_f32_32x5 32 5 64 2048 1 0.000008926108281389137
fma_mmm_f32_16x5 16 5 64 2048 1 0.00000894634094727435
avx512_mmm_f32_32x6 32 6 64 2048 1 0.000010593520077540848
fma_mmm_f32_16x6 16 6 64 2048 1 0.000010656586908315566
avx512_mmm_f32_48x4 48 4 64 2048 1 0.000010830332474692698
avx512_mmm_f32_16x8 16 8 64 2048 1 0.000014111786591230552
fma_mmm_f32_8x8 8 8 64 2048 1 0.00001791604772591263
avx512_mmm_f32_16x12 16 12 64 2048 1 0.00002104365482105263
fma_mmm_f32_32x1 32 1 96 8 1 0.00000012033535792584118
fma_mmm_f32_64x1 64 1 96 8 1 0.00000012927323492396437
avx512_mmm_f32_128x1 128 1 96 8 1 0.0000001890775092812666
fma_mmm_f32_40x2 40 2 96 8 1 0.0000002686351670445543
fma_mmm_f32_32x3 32 3 96 8 1 0.00000027477677918347056
fma_mmm_f32_24x4 24 4 96 8 1 0.0000002997533311111784
avx512_mmm_f32_16x1 16 1 96 8 1 0.0000003327553593456691
avx512_mmm_f32_80x2 80 2 96 8 1 0.0000003348482546269955
avx512_mmm_f32_48x4 48 4 96 8 1 0.0000003526720912629757
fma_mmm_f32_16x5 16 5 96 8 1 0.0000003760503473603673
avx512_mmm_f32_64x3 64 3 96 8 1 0.00000040129797085066007
avx512_mmm_f32_32x5 32 5 96 8 1 0.00000041354485213943497
avx512_mmm_f32_32x6 32 6 96 8 1 0.00000044531623518930956
fma_mmm_f32_16x6 16 6 96 8 1 0.0000004782633149542121
avx512_mmm_f32_16x8 16 8 96 8 1 0.0000005514152631869041
fma_mmm_f32_8x8 8 8 96 8 1 0.0000006692871097075383
avx512_mmm_f32_16x12 16 12 96 8 1 0.0000007161785852182684
fma_mmm_f32_64x1 64 1 96 32 1 0.00000017789080220040147
avx512_mmm_f32_128x1 128 1 96 32 1 0.00000022701394800066613
fma_mmm_f32_32x1 32 1 96 32 1 0.0000002291124489795919
fma_mmm_f32_40x2 40 2 96 32 1 0.00000036048382645135656
fma_mmm_f32_32x3 32 3 96 32 1 0.0000003776045911352502
avx512_mmm_f32_16x1 16 1 96 32 1 0.0000003986057533479912
avx512_mmm_f32_80x2 80 2 96 32 1 0.00000043677332400647054
fma_mmm_f32_24x4 24 4 96 32 1 0.00000044705122998968656
avx512_mmm_f32_48x4 48 4 96 32 1 0.00000047376704528976744
avx512_mmm_f32_64x3 64 3 96 32 1 0.0000004794144513338018
fma_mmm_f32_16x5 16 5 96 32 1 0.0000005490315574629689
avx512_mmm_f32_32x5 32 5 96 32 1 0.0000005645766427805676
avx512_mmm_f32_32x6 32 6 96 32 1 0.0000006269838995322612
fma_mmm_f32_16x6 16 6 96 32 1 0.0000006749410391189786
avx512_mmm_f32_16x8 16 8 96 32 1 0.0000007876851478917559
fma_mmm_f32_8x8 8 8 96 32 1 0.0000009673772982525033
avx512_mmm_f32_16x12 16 12 96 32 1 0.0000010767369938318364
fma_mmm_f32_32x1 32 1 96 128 1 0.0000004805969290851073
avx512_mmm_f32_128x1 128 1 96 128 1 0.0000005128118205330527
fma_mmm_f32_64x1 64 1 96 128 1 0.0000005992348271990019
avx512_mmm_f32_16x1 16 1 96 128 1 0.0000006257965484661845
fma_mmm_f32_32x3 32 3 96 128 1 0.0000007567332186619986
fma_mmm_f32_40x2 40 2 96 128 1 0.0000007624836756920283
avx512_mmm_f32_80x2 80 2 96 128 1 0.0000008757213768941051
fma_mmm_f32_24x4 24 4 96 128 1 0.000000955516578721783
avx512_mmm_f32_48x4 48 4 96 128 1 0.0000009887564115884117
avx512_mmm_f32_64x3 64 3 96 128 1 0.0000009949141057410558
fma_mmm_f32_16x5 16 5 96 128 1 0.0000011702164344358437
avx512_mmm_f32_32x5 32 5 96 128 1 0.0000012103067501203657
avx512_mmm_f32_32x6 32 6 96 128 1 0.0000013667471201437858
fma_mmm_f32_16x6 16 6 96 128 1 0.000001430488710781517
avx512_mmm_f32_16x8 16 8 96 128 1 0.0000017800982349794973
fma_mmm_f32_8x8 8 8 96 128 1 0.0000021356095242123077
avx512_mmm_f32_16x12 16 12 96 128 1 0.0000025362113014574276
avx512_mmm_f32_16x1 16 1 96 512 1 0.0000014419030030823423
avx512_mmm_f32_128x1 128 1 96 512 1 0.000001444625860105636
fma_mmm_f32_32x1 32 1 96 512 1 0.000001616810158013544
fma_mmm_f32_64x1 64 1 96 512 1 0.0000020588091968372874
fma_mmm_f32_32x3 32 3 96 512 1 0.0000022521357261132244
fma_mmm_f32_40x2 40 2 96 512 1 0.0000023023166367196495
avx512_mmm_f32_80x2 80 2 96 512 1 0.000002591940563881127
fma_mmm_f32_24x4 24 4 96 512 1 0.0000029248813930348265
avx512_mmm_f32_48x4 48 4 96 512 1 0.0000029858726717557246
avx512_mmm_f32_64x3 64 3 96 512 1 0.0000030271488033422863
fma_mmm_f32_16x5 16 5 96 512 1 0.000003644436636593288
avx512_mmm_f32_32x5 32 5 96 512 1 0.0000036885795058501367
avx512_mmm_f32_32x6 32 6 96 512 1 0.000004291449468599034
fma_mmm_f32_16x6 16 6 96 512 1 0.000004359400698080278
avx512_mmm_f32_16x8 16 8 96 512 1 0.000005773239814600232
fma_mmm_f32_8x8 8 8 96 512 1 0.000007016269357290946
avx512_mmm_f32_16x12 16 12 96 512 1 0.000008537793823038398
avx512_mmm_f32_16x1 16 1 96 2048 1 0.000005174501918092277
fma_mmm_f32_32x1 32 1 96 2048 1 0.00000600915374247894
fma_mmm_f32_32x3 32 3 96 2048 1 0.000008225012373158755
avx512_mmm_f32_128x1 128 1 96 2048 1 0.00000870169232774674
fma_mmm_f32_40x2 40 2 96 2048 1 0.000009335292769230769
fma_mmm_f32_64x1 64 1 96 2048 1 0.000009394771526586622
fma_mmm_f32_24x4 24 4 96 2048 1 0.000010797523030949836
avx512_mmm_f32_48x4 48 4 96 2048 1 0.000010861263949671774
avx512_mmm_f32_64x3 64 3 96 2048 1 0.000011744942757009344
avx512_mmm_f32_32x5 32 5 96 2048 1 0.000013312523898531373
fma_mmm_f32_16x5 16 5 96 2048 1 0.000013371852941176467
avx512_mmm_f32_80x2 80 2 96 2048 1 0.000013921594101974087
avx512_mmm_f32_32x6 32 6 96 2048 1 0.000015851595238095238
fma_mmm_f32_16x6 16 6 96 2048 1 0.000015942738298314958
avx512_mmm_f32_16x8 16 8 96 2048 1 0.0000211519823255814
fma_mmm_f32_8x8 8 8 96 2048 1 0.00002685205008984726
avx512_mmm_f32_16x12 16 12 96 2048 1 0.00003151580656151419
avx512_mmm_f32_128x1 128 1 128 8 1 0.00000006986990260216474
fma_mmm_f32_64x1 64 1 128 8 1 0.00000009160188122419237
fma_mmm_f32_32x1 32 1 128 8 1 0.00000014475591650571286
fma_mmm_f32_40x2 40 2 128 8 1 0.0000003368888810201434
fma_mmm_f32_32x3 32 3 128 8 1 0.00000034384223156182216
avx512_mmm_f32_80x2 80 2 128 8 1 0.0000003684322504055449
avx512_mmm_f32_64x3 64 3 128 8 1 0.000000381778036089364
fma_mmm_f32_24x4 24 4 128 8 1 0.0000004033351680405833
avx512_mmm_f32_16x1 16 1 128 8 1 0.0000004527648399291819
fma_mmm_f32_16x5 16 5 128 8 1 0.0000004769102060486845
avx512_mmm_f32_48x4 48 4 128 8 1 0.0000004798267368764796
avx512_mmm_f32_32x5 32 5 128 8 1 0.0000005308656762066585
avx512_mmm_f32_32x6 32 6 128 8 1 0.0000005763339608940697
fma_mmm_f32_16x6 16 6 128 8 1 0.0000006133702953899393
avx512_mmm_f32_16x8 16 8 128 8 1 0.0000007078877718814122
fma_mmm_f32_8x8 8 8 128 8 1 0.0000008638467871170463
avx512_mmm_f32_16x12 16 12 128 8 1 0.0000009167645477551786
avx512_mmm_f32_128x1 128 1 128 32 1 0.00000011157677778492649
fma_mmm_f32_64x1 64 1 128 32 1 0.00000016182573321365985
fma_mmm_f32_32x1 32 1 128 32 1 0.0000003066078194292692
fma_mmm_f32_40x2 40 2 128 32 1 0.0000004540655100561696
avx512_mmm_f32_80x2 80 2 128 32 1 0.0000004714443488920321
fma_mmm_f32_32x3 32 3 128 32 1 0.0000004883297463414633
avx512_mmm_f32_16x1 16 1 128 32 1 0.0000005038480716327742
avx512_mmm_f32_64x3 64 3 128 32 1 0.0000005135979855602485
fma_mmm_f32_24x4 24 4 128 32 1 0.0000006166173178094006
avx512_mmm_f32_48x4 48 4 128 32 1 0.0000006723099174448505
fma_mmm_f32_16x5 16 5 128 32 1 0.0000007119990184401235
avx512_mmm_f32_32x5 32 5 128 32 1 0.0000007328948226326589
avx512_mmm_f32_32x6 32 6 128 32 1 0.0000008181990491775039
fma_mmm_f32_16x6 16 6 128 32 1 0.0000008758866953291803
avx512_mmm_f32_16x8 16 8 128 32 1 0.0000010426825410688293
fma_mmm_f32_8x8 8 8 128 32 1 0.0000012607352302546951
avx512_mmm_f32_16x12 16 12 128 32 1 0.000001419618865126889
avx512_mmm_f32_128x1 128 1 128 128 1 0.00000039361056674856667
fma_mmm_f32_64x1 64 1 128 128 1 0.0000005538302392889699
fma_mmm_f32_32x1 32 1 128 128 1 0.0000006363640862422998
avx512_mmm_f32_16x1 16 1 128 128 1 0.0000008105977754553599
avx512_mmm_f32_80x2 80 2 128 128 1 0.0000009029882740519504
fma_mmm_f32_40x2 40 2 128 128 1 0.0000009932524442683048
fma_mmm_f32_32x3 32 3 128 128 1 0.0000009949372121694173
avx512_mmm_f32_64x3 64 3 128 128 1 0.000001029390626607676
fma_mmm_f32_24x4 24 4 128 128 1 0.000001375863315890939
avx512_mmm_f32_48x4 48 4 128 128 1 0.0000014310773635191288
fma_mmm_f32_16x5 16 5 128 128 1 0.0000015406571225467475
avx512_mmm_f32_32x5 32 5 128 128 1 0.000001588648410680229
avx512_mmm_f32_32x6 32 6 128 128 1 0.000001794861851113929
fma_mmm_f32_16x6 16 6 128 128 1 0.0000018820352047877313
avx512_mmm_f32_16x8 16 8 128 128 1 0.0000023484202473958334
fma_mmm_f32_8x8 8 8 128 128 1 0.0000028161461924455472
avx512_mmm_f32_16x12 16 12 128 128 1 0.0000034128487986463615
avx512_mmm_f32_128x1 128 1 128 512 1 0.000001322627066027689
avx512_mmm_f32_16x1 16 1 128 512 1 0.00000190770109966971
fma_mmm_f32_64x1 64 1 128 512 1 0.000002020805233875953
fma_mmm_f32_32x1 32 1 128 512 1 0.000002149683360762235
avx512_mmm_f32_80x2 80 2 128 512 1 0.0000025779236391752585
fma_mmm_f32_32x3 32 3 128 512 1 0.000002975413565937315
fma_mmm_f32_40x2 40 2 128 512 1 0.0000030348852522796363
avx512_mmm_f32_64x3 64 3 128 512 1 0.000003052334210685179
fma_mmm_f32_24x4 24 4 128 512 1 0.00000431403967311828
avx512_mmm_f32_48x4 48 4 128 512 1 0.000004417058082191782
fma_mmm_f32_16x5 16 5 128 512 1 0.000004842397651551311
avx512_mmm_f32_32x5 32 5 128 512 1 0.000004878193476562501
avx512_mmm_f32_32x6 32 6 128 512 1 0.000005672818886337544
fma_mmm_f32_16x6 16 6 128 512 1 0.000005767205996513655
avx512_mmm_f32_16x8 16 8 128 512 1 0.000007715431695331695
fma_mmm_f32_8x8 8 8 128 512 1 0.000009319080367647059
avx512_mmm_f32_16x12 16 12 128 512 1 0.000011417663775280901
avx512_mmm_f32_128x1 128 1 128 2048 1 0.000007266205543398979
avx512_mmm_f32_16x1 16 1 128 2048 1 0.000008697254187558033
fma_mmm_f32_64x1 64 1 128 2048 1 0.0000089205885466412
fma_mmm_f32_32x1 32 1 128 2048 1 0.000009192154132841328
avx512_mmm_f32_64x3 64 3 128 2048 1 0.000011530316724336793
fma_mmm_f32_32x3 32 3 128 2048 1 0.000012172455369696967
fma_mmm_f32_40x2 40 2 128 2048 1 0.000014024314325276934
avx512_mmm_f32_80x2 80 2 128 2048 1 0.000014098651286184434
avx512_mmm_f32_48x4 48 4 128 2048 1 0.000016564449148580967
fma_mmm_f32_24x4 24 4 128 2048 1 0.00001753674929078014
avx512_mmm_f32_32x5 32 5 128 2048 1 0.00001812576341197822
fma_mmm_f32_16x5 16 5 128 2048 1 0.000018767727054409006
avx512_mmm_f32_32x6 32 6 128 2048 1 0.00002160003768201496
fma_mmm_f32_16x6 16 6 128 2048 1 0.000022532752346938774
avx512_mmm_f32_16x8 16 8 128 2048 1 0.00002821456893982808
fma_mmm_f32_8x8 8 8 128 2048 1 0.00003837692406250001
avx512_mmm_f32_16x12 16 12 128 2048 1 0.00004204810075949368
avx512_mmm_f32_128x1 128 1 256 8 1 0.0000001331675599977964
fma_mmm_f32_64x1 64 1 256 8 1 0.000000166655333158447
fma_mmm_f32_32x1 32 1 256 8 1 0.00000024668769714618524
fma_mmm_f32_40x2 40 2 256 8 1 0.000000579420115647864
fma_mmm_f32_32x3 32 3 256 8 1 0.0000006256871540602073
avx512_mmm_f32_80x2 80 2 256 8 1 0.0000006714540304952098
fma_mmm_f32_24x4 24 4 256 8 1 0.0000007060491704244506
avx512_mmm_f32_64x3 64 3 256 8 1 0.0000007100403794690266
fma_mmm_f32_16x5 16 5 256 8 1 0.0000008808433950562593
avx512_mmm_f32_16x1 16 1 256 8 1 0.0000008857703505535056
avx512_mmm_f32_48x4 48 4 256 8 1 0.0000008915541124565849
avx512_mmm_f32_32x5 32 5 256 8 1 0.0000009899451464766431
avx512_mmm_f32_32x6 32 6 256 8 1 0.0000010801891507970367
fma_mmm_f32_16x6 16 6 256 8 1 0.0000011471591213768118
avx512_mmm_f32_16x8 16 8 256 8 1 0.0000013470825996486962
fma_mmm_f32_8x8 8 8 256 8 1 0.0000016566662771285475
avx512_mmm_f32_16x12 16 12 256 8 1 0.0000017475532644121255
avx512_mmm_f32_128x1 128 1 256 32 1 0.00000022244297961786446
fma_mmm_f32_64x1 64 1 256 32 1 0.0000002967067492356325
fma_mmm_f32_32x1 32 1 256 32 1 0.0000006186460676578324
fma_mmm_f32_40x2 40 2 256 32 1 0.0000008187137673738114
avx512_mmm_f32_80x2 80 2 256 32 1 0.0000009045199638172772
fma_mmm_f32_32x3 32 3 256 32 1 0.0000009189802134314625
avx512_mmm_f32_64x3 64 3 256 32 1 0.0000009823540336713597
avx512_mmm_f32_16x1 16 1 256 32 1 0.0000010945879337401918
fma_mmm_f32_24x4 24 4 256 32 1 0.000001134882245549977
avx512_mmm_f32_48x4 48 4 256 32 1 0.0000013076249390402075
fma_mmm_f32_16x5 16 5 256 32 1 0.0000013842468180559402
avx512_mmm_f32_32x5 32 5 256 32 1 0.0000014209063748756574
avx512_mmm_f32_32x6 32 6 256 32 1 0.0000015853044605708758
fma_mmm_f32_16x6 16 6 256 32 1 0.0000017067024660326088
avx512_mmm_f32_16x8 16 8 256 32 1 0.00000202940403558431
fma_mmm_f32_8x8 8 8 256 32 1 0.0000025195367485265225
avx512_mmm_f32_16x12 16 12 256 32 1 0.0000027645947498594717
avx512_mmm_f32_128x1 128 1 256 128 1 0.0000007612301602787458
fma_mmm_f32_64x1 64 1 256 128 1 0.0000011047116470849036
fma_mmm_f32_32x1 32 1 256 128 1 0.0000012680572084715487
avx512_mmm_f32_16x1 16 1 256 128 1 0.000001522429076012744
fma_mmm_f32_40x2 40 2 256 128 1 0.0000017223903955968353
avx512_mmm_f32_80x2 80 2 256 128 1 0.0000017247213092362554
fma_mmm_f32_32x3 32 3 256 128 1 0.000001900664572730725
avx512_mmm_f32_64x3 64 3 256 128 1 0.000001982049732302201
fma_mmm_f32_24x4 24 4 256 128 1 0.0000024688284484038605
avx512_mmm_f32_48x4 48 4 256 128 1 0.0000027864234579960925
fma_mmm_f32_16x5 16 5 256 128 1 0.0000029823649792038026
avx512_mmm_f32_32x5 32 5 256 128 1 0.0000030888953241895263
avx512_mmm_f32_32x6 32 6 256 128 1 0.0000035300862557238452
fma_mmm_f32_16x6 16 6 256 128 1 0.0000036420556304985335
avx512_mmm_f32_16x8 16 8 256 128 1 0.000004607080147465438
fma_mmm_f32_8x8 8 8 256 128 1 0.000005556114719471948
avx512_mmm_f32_16x12 16 12 256 128 1 0.000006594414213333334
avx512_mmm_f32_128x1 128 1 256 512 1 0.0000026328854414748173
avx512_mmm_f32_16x1 16 1 256 512 1 0.000003781796192643155
fma_mmm_f32_64x1 64 1 256 512 1 0.000004037470334685599
fma_mmm_f32_32x1 32 1 256 512 1 0.00000433254676936243
avx512_mmm_f32_80x2 80 2 256 512 1 0.000005139920202020203
fma_mmm_f32_40x2 40 2 256 512 1 0.00000530552108780315
fma_mmm_f32_32x3 32 3 256 512 1 0.0000058571529121270735
avx512_mmm_f32_64x3 64 3 256 512 1 0.000006001741095238095
fma_mmm_f32_24x4 24 4 256 512 1 0.000007914718444444443
avx512_mmm_f32_48x4 48 4 256 512 1 0.000008740794748898678
fma_mmm_f32_16x5 16 5 256 512 1 0.000009592370323809523
avx512_mmm_f32_32x5 32 5 256 512 1 0.000009681860501930501
avx512_mmm_f32_32x6 32 6 256 512 1 0.000011288344517593643
fma_mmm_f32_16x6 16 6 256 512 1 0.000011488031917336394
avx512_mmm_f32_16x8 16 8 256 512 1 0.00001539895463790447
fma_mmm_f32_8x8 8 8 256 512 1 0.000018641520661764703
avx512_mmm_f32_16x12 16 12 256 512 1 0.00002277916611235955
fma_mmm_f32_64x1 64 1 256 2048 1 0.00003367424416461916
avx512_mmm_f32_128x1 128 1 256 2048 1 0.000034322518598615915
fma_mmm_f32_32x1 32 1 256 2048 1 0.000034442590311418684
avx512_mmm_f32_16x1 16 1 256 2048 1 0.00003532313602836879
avx512_mmm_f32_64x3 64 3 256 2048 1 0.000035587170774907755
fma_mmm_f32_32x3 32 3 256 2048 1 0.00003656378579391622
avx512_mmm_f32_32x5 32 5 256 2048 1 0.000038097625636132315
fma_mmm_f32_24x4 24 4 256 2048 1 0.0000406688006722689
avx512_mmm_f32_48x4 48 4 256 2048 1 0.000041812348403361336
avx512_mmm_f32_32x6 32 6 256 2048 1 0.00004358314647016012
fma_mmm_f32_40x2 40 2 256 2048 1 0.00004474449275675675
avx512_mmm_f32_80x2 80 2 256 2048 1 0.00004484102961744138
fma_mmm_f32_16x6 16 6 256 2048 1 0.00004743217923809525
avx512_mmm_f32_16x8 16 8 256 2048 1 0.000058409806390532524
fma_mmm_f32_16x5 16 5 256 2048 1 0.00007177078099173553
fma_mmm_f32_8x8 8 8 256 2048 1 0.0000736819868259804
avx512_mmm_f32_16x12 16 12 256 2048 1 0.00008644228695652173
avx512_mmm_f32_128x1 128 1 512 8 1 0.0000002622049869576192
fma_mmm_f32_64x1 64 1 512 8 1 0.0000002993776351523742
fma_mmm_f32_32x1 32 1 512 8 1 0.0000006346963615903975
fma_mmm_f32_40x2 40 2 512 8 1 0.0000010549748558198273
fma_mmm_f32_32x3 32 3 512 8 1 0.0000011870502162226736
avx512_mmm_f32_80x2 80 2 512 8 1 0.000001215778347027549
fma_mmm_f32_24x4 24 4 512 8 1 0.000001357927762408462
avx512_mmm_f32_64x3 64 3 512 8 1 0.0000013760448348636425
avx512_mmm_f32_48x4 48 4 512 8 1 0.0000016214124025938643
fma_mmm_f32_16x5 16 5 512 8 1 0.0000016881261264888438
avx512_mmm_f32_16x1 16 1 512 8 1 0.0000018952373207566797
avx512_mmm_f32_32x5 32 5 512 8 1 0.0000019246253539400877
avx512_mmm_f32_32x6 32 6 512 8 1 0.000002108486430834213
fma_mmm_f32_16x6 16 6 512 8 1 0.0000022802947114947752
avx512_mmm_f32_16x8 16 8 512 8 1 0.0000027009909521247987
fma_mmm_f32_8x8 8 8 512 8 1 0.000003255151535003211
avx512_mmm_f32_16x12 16 12 512 8 1 0.0000034891493352601155
avx512_mmm_f32_128x1 128 1 512 32 1 0.0000005381182134430728
fma_mmm_f32_64x1 64 1 512 32 1 0.000000761659695991179
fma_mmm_f32_32x1 32 1 512 32 1 0.000001128839298941799
fma_mmm_f32_40x2 40 2 512 32 1 0.0000015516601553277417
avx512_mmm_f32_80x2 80 2 512 32 1 0.0000015922448834628186
fma_mmm_f32_32x3 32 3 512 32 1 0.0000017837084564714259
avx512_mmm_f32_64x3 64 3 512 32 1 0.0000019010013690815744
fma_mmm_f32_24x4 24 4 512 32 1 0.000002182758444055944
avx512_mmm_f32_16x1 16 1 512 32 1 0.0000021851912065972225
avx512_mmm_f32_48x4 48 4 512 32 1 0.0000023638819933868685
fma_mmm_f32_16x5 16 5 512 32 1 0.0000027206490592713432
avx512_mmm_f32_32x5 32 5 512 32 1 0.0000028033313334952644
avx512_mmm_f32_32x6 32 6 512 32 1 0.000003094939665012407
fma_mmm_f32_16x6 16 6 512 32 1 0.00000336939552837241
avx512_mmm_f32_16x8 16 8 512 32 1 0.0000039867662066214606
fma_mmm_f32_8x8 8 8 512 32 1 0.0000048688164582338904
avx512_mmm_f32_16x12 16 12 512 32 1 0.000005438158485523385
avx512_mmm_f32_128x1 128 1 512 128 1 0.0000014986938106796113
fma_mmm_f32_64x1 64 1 512 128 1 0.000002170920631264662
fma_mmm_f32_32x1 32 1 512 128 1 0.0000025900981245668742
avx512_mmm_f32_16x1 16 1 512 128 1 0.000002988670262560778
avx512_mmm_f32_80x2 80 2 512 128 1 0.000003036536630170316
fma_mmm_f32_40x2 40 2 512 128 1 0.0000031722086812837627
fma_mmm_f32_32x3 32 3 512 128 1 0.0000037123539065974806
avx512_mmm_f32_64x3 64 3 512 128 1 0.000003870182848297214
fma_mmm_f32_24x4 24 4 512 128 1 0.000004843961355275895
avx512_mmm_f32_48x4 48 4 512 128 1 0.00000507003441920472
fma_mmm_f32_16x5 16 5 512 128 1 0.000005934509484902308
avx512_mmm_f32_32x5 32 5 512 128 1 0.000006078858475263584
avx512_mmm_f32_32x6 32 6 512 128 1 0.00000694455158041958
fma_mmm_f32_16x6 16 6 512 128 1 0.000007229815606936418
avx512_mmm_f32_16x8 16 8 512 128 1 0.000009140644574565417
fma_mmm_f32_8x8 8 8 512 128 1 0.000011101955255712731
avx512_mmm_f32_16x12 16 12 512 128 1 0.000013124303660477456
avx512_mmm_f32_128x1 128 1 512 512 1 0.000007541182562547385
avx512_mmm_f32_16x1 16 1 512 512 1 0.000008736968421052631
fma_mmm_f32_64x1 64 1 512 512 1 0.00000891855194369973
fma_mmm_f32_32x1 32 1 512 512 1 0.000009598274490262031
avx512_mmm_f32_80x2 80 2 512 512 1 0.000010877400087051143
fma_mmm_f32_40x2 40 2 512 512 1 0.000010891754198473281
avx512_mmm_f32_64x3 64 3 512 512 1 0.000012064697363123992
fma_mmm_f32_32x3 32 3 512 512 1 0.000012685861785477821
avx512_mmm_f32_48x4 48 4 512 512 1 0.00001611699941935484
fma_mmm_f32_24x4 24 4 512 512 1 0.000016508170512396695
avx512_mmm_f32_32x5 32 5 512 512 1 0.00001941066949838188
fma_mmm_f32_16x5 16 5 512 512 1 0.00001974743782808399
avx512_mmm_f32_32x6 32 6 512 512 1 0.000022947221139143732
fma_mmm_f32_16x6 16 6 512 512 1 0.000023327674592074593
avx512_mmm_f32_16x8 16 8 512 512 1 0.000030812701604938266
fma_mmm_f32_8x8 8 8 512 512 1 0.00003747405144981413
avx512_mmm_f32_16x12 16 12 512 512 1 0.00004529403415525115
avx512_mmm_f32_128x1 128 1 512 2048 1 0.00007075967050359712
fma_mmm_f32_64x1 64 1 512 2048 1 0.00007104727428571428
fma_mmm_f32_32x1 32 1 512 2048 1 0.0000718423012589928
avx512_mmm_f32_64x3 64 3 512 2048 1 0.0000733979605882353
avx512_mmm_f32_16x1 16 1 512 2048 1 0.00007411345814814814
fma_mmm_f32_40x2 40 2 512 2048 1 0.00007437702748741775
fma_mmm_f32_32x3 32 3 512 2048 1 0.0000751834690909091
avx512_mmm_f32_48x4 48 4 512 2048 1 0.00007695549806201551
avx512_mmm_f32_32x5 32 5 512 2048 1 0.00007703765950520834
avx512_mmm_f32_80x2 80 2 512 2048 1 0.0000790860386002886
fma_mmm_f32_24x4 24 4 512 2048 1 0.00008149188702779759
fma_mmm_f32_16x5 16 5 512 2048 1 0.00008764489982300885
avx512_mmm_f32_32x6 32 6 512 2048 1 0.00008797843384502923
fma_mmm_f32_16x6 16 6 512 2048 1 0.00009444191923809523
avx512_mmm_f32_16x8 16 8 512 2048 1 0.00011662673581395347
fma_mmm_f32_8x8 8 8 512 2048 1 0.0001471152641633728
avx512_mmm_f32_16x12 16 12 512 2048 1 0.00017356100727272726
avx512_mmm_f32_128x1 128 1 1024 8 1 0.0000005186031395987907
fma_mmm_f32_64x1 64 1 1024 8 1 0.0000008809928816920026
fma_mmm_f32_32x1 32 1 1024 8 1 0.0000015571558791716131
fma_mmm_f32_40x2 40 2 1024 8 1 0.0000020726206535400086
avx512_mmm_f32_80x2 80 2 1024 8 1 0.0000022818142323462415
fma_mmm_f32_32x3 32 3 1024 8 1 0.000002313789346826127
fma_mmm_f32_24x4 24 4 1024 8 1 0.0000026545420057909974
avx512_mmm_f32_64x3 64 3 1024 8 1 0.000002696903530683969
fma_mmm_f32_16x5 16 5 1024 8 1 0.000003143015721518987
avx512_mmm_f32_48x4 48 4 1024 8 1 0.0000032223390168175944
avx512_mmm_f32_16x1 16 1 1024 8 1 0.000003536895674262234
avx512_mmm_f32_32x5 32 5 1024 8 1 0.0000038107739885714297
avx512_mmm_f32_32x6 32 6 1024 8 1 0.000004193107535349293
fma_mmm_f32_16x6 16 6 1024 8 1 0.000004553396356877323
avx512_mmm_f32_16x8 16 8 1024 8 1 0.000005333451060202452
fma_mmm_f32_8x8 8 8 1024 8 1 0.000006425774196825396
avx512_mmm_f32_16x12 16 12 1024 8 1 0.000006858393384083047
avx512_mmm_f32_128x1 128 1 1024 32 1 0.0000010170192092257005
fma_mmm_f32_64x1 64 1 1024 32 1 0.0000014519891018651361
fma_mmm_f32_32x1 32 1 1024 32 1 0.0000022058958388667547
avx512_mmm_f32_80x2 80 2 1024 32 1 0.000003000961901913875
fma_mmm_f32_40x2 40 2 1024 32 1 0.000003070669012611505
fma_mmm_f32_32x3 32 3 1024 32 1 0.0000035279777996485053
avx512_mmm_f32_64x3 64 3 1024 32 1 0.0000037421201344286776
avx512_mmm_f32_16x1 16 1 1024 32 1 0.000004259306610169492
fma_mmm_f32_24x4 24 4 1024 32 1 0.000004275701221700129
avx512_mmm_f32_48x4 48 4 1024 32 1 0.000004688445435801311
fma_mmm_f32_16x5 16 5 1024 32 1 0.000005367668032171583
avx512_mmm_f32_32x5 32 5 1024 32 1 0.000005576656312849161
avx512_mmm_f32_32x6 32 6 1024 32 1 0.000006186223100679433
fma_mmm_f32_16x6 16 6 1024 32 1 0.000006700980438184663
avx512_mmm_f32_16x8 16 8 1024 32 1 0.00000793916832406672
fma_mmm_f32_8x8 8 8 1024 32 1 0.000009632801939163498
avx512_mmm_f32_16x12 16 12 1024 32 1 0.00001083181314159292
avx512_mmm_f32_128x1 128 1 1024 128 1 0.0000029215681810167503
fma_mmm_f32_64x1 64 1 1024 128 1 0.000004276793490364026
fma_mmm_f32_32x1 32 1 1024 128 1 0.00000507481014
avx512_mmm_f32_80x2 80 2 1024 128 1 0.000005656470498866213
avx512_mmm_f32_16x1 16 1 1024 128 1 0.00000580389413751508
fma_mmm_f32_40x2 40 2 1024 128 1 0.000006307766670878078
fma_mmm_f32_32x3 32 3 1024 128 1 0.000007397460518134714
avx512_mmm_f32_64x3 64 3 1024 128 1 0.000007687349323076924
fma_mmm_f32_24x4 24 4 1024 128 1 0.00000946511928030303
avx512_mmm_f32_48x4 48 4 1024 128 1 0.000010087840649175917
fma_mmm_f32_16x5 16 5 1024 128 1 0.000011822163167848702
avx512_mmm_f32_32x5 32 5 1024 128 1 0.00001212690435835351
avx512_mmm_f32_32x6 32 6 1024 128 1 0.000013865574000000004
fma_mmm_f32_16x6 16 6 1024 128 1 0.000014414449248554911
avx512_mmm_f32_16x8 16 8 1024 128 1 0.000018316117659963433
fma_mmm_f32_8x8 8 8 1024 128 1 0.000022365224087912085
avx512_mmm_f32_16x12 16 12 1024 128 1 0.00002664209873015873
fma_mmm_f32_64x1 64 1 1024 512 1 0.00003402562135442412
avx512_mmm_f32_128x1 128 1 1024 512 1 0.00003478649628070175
fma_mmm_f32_32x1 32 1 1024 512 1 0.0000355577040860215
avx512_mmm_f32_16x1 16 1 1024 512 1 0.00003610040986988257
avx512_mmm_f32_64x3 64 3 1024 512 1 0.00003711420223048327
avx512_mmm_f32_80x2 80 2 1024 512 1 0.000037275630130597025
fma_mmm_f32_40x2 40 2 1024 512 1 0.000037442296338672776
fma_mmm_f32_32x3 32 3 1024 512 1 0.00003828459503581543
avx512_mmm_f32_48x4 48 4 1024 512 1 0.000039571790158730165
avx512_mmm_f32_32x5 32 5 1024 512 1 0.00004099612707818929
fma_mmm_f32_24x4 24 4 1024 512 1 0.000041519603948497855
fma_mmm_f32_16x5 16 5 1024 512 1 0.00004597446537037037
avx512_mmm_f32_32x6 32 6 1024 512 1 0.00004682238460093897
fma_mmm_f32_16x6 16 6 1024 512 1 0.00005077774314720811
avx512_mmm_f32_16x8 16 8 1024 512 1 0.00006289196981132075
fma_mmm_f32_8x8 8 8 1024 512 1 0.00007605380545454547
avx512_mmm_f32_16x12 16 12 1024 512 1 0.00009069777527272727
fma_mmm_f32_64x1 64 1 1024 2048 1 0.0001415267904761905
avx512_mmm_f32_128x1 128 1 1024 2048 1 0.00014203017428571433
fma_mmm_f32_32x1 32 1 1024 2048 1 0.00014457734318840576
avx512_mmm_f32_64x3 64 3 1024 2048 1 0.00014746041661258926
avx512_mmm_f32_16x1 16 1 1024 2048 1 0.000151772944
fma_mmm_f32_32x3 32 3 1024 2048 1 0.00015218275938461538
avx512_mmm_f32_80x2 80 2 1024 2048 1 0.00015225087500000001
fma_mmm_f32_40x2 40 2 1024 2048 1 0.00015424410875
avx512_mmm_f32_32x5 32 5 1024 2048 1 0.00015461261458333335
avx512_mmm_f32_48x4 48 4 1024 2048 1 0.00015540427875
fma_mmm_f32_24x4 24 4 1024 2048 1 0.00016008552193548387
fma_mmm_f32_16x5 16 5 1024 2048 1 0.00017528953857142852
avx512_mmm_f32_32x6 32 6 1024 2048 1 0.00017578835380116956
fma_mmm_f32_16x6 16 6 1024 2048 1 0.00018837245433962258
avx512_mmm_f32_16x8 16 8 1024 2048 1 0.00023964980097560985
fma_mmm_f32_8x8 8 8 1024 2048 1 0.00030358766796875
avx512_mmm_f32_16x12 16 12 1024 2048 1 0.00034183678482758626
avx512_mmm_f32_128x1 128 1 2048 8 1 0.0000011140962147406734
fma_mmm_f32_64x1 64 1 2048 8 1 0.0000016781872721134368
fma_mmm_f32_32x1 32 1 2048 8 1 0.0000031958706689075637
fma_mmm_f32_40x2 40 2 2048 8 1 0.000004046555014256619
avx512_mmm_f32_80x2 80 2 2048 8 1 0.0000044745468166890584
fma_mmm_f32_32x3 32 3 2048 8 1 0.000004543628746569076
fma_mmm_f32_24x4 24 4 2048 8 1 0.000005300056088036919
avx512_mmm_f32_64x3 64 3 2048 8 1 0.000005329776227976508
fma_mmm_f32_16x5 16 5 2048 8 1 0.000006186123730061351
avx512_mmm_f32_48x4 48 4 2048 8 1 0.00000629091707440101
avx512_mmm_f32_32x5 32 5 2048 8 1 0.000007527537649566773
avx512_mmm_f32_16x1 16 1 2048 8 1 0.000007596675135635834
avx512_mmm_f32_32x6 32 6 2048 8 1 0.00000835913788093422
fma_mmm_f32_16x6 16 6 2048 8 1 0.000009105814810710989
avx512_mmm_f32_16x8 16 8 2048 8 1 0.000010746068442471329
fma_mmm_f32_8x8 8 8 2048 8 1 0.000012796084723618093
avx512_mmm_f32_16x12 16 12 2048 8 1 0.000013672239261363636
avx512_mmm_f32_128x1 128 1 2048 32 1 0.0000020831692133891217
fma_mmm_f32_64x1 64 1 2048 32 1 0.0000028424861066145687
fma_mmm_f32_32x1 32 1 2048 32 1 0.000004509500073597056
avx512_mmm_f32_80x2 80 2 2048 32 1 0.000005855864926857811
fma_mmm_f32_40x2 40 2 2048 32 1 0.00000600339252852853
fma_mmm_f32_32x3 32 3 2048 32 1 0.000006878069724517907
avx512_mmm_f32_64x3 64 3 2048 32 1 0.0000073286414358974366
fma_mmm_f32_24x4 24 4 2048 32 1 0.000008476221610169492
avx512_mmm_f32_16x1 16 1 2048 32 1 0.000008597351663807889
avx512_mmm_f32_48x4 48 4 2048 32 1 0.000009070930598911068
fma_mmm_f32_16x5 16 5 2048 32 1 0.000010607464984093318
avx512_mmm_f32_32x5 32 5 2048 32 1 0.0000110141617199559
avx512_mmm_f32_32x6 32 6 2048 32 1 0.000012235966503667483
fma_mmm_f32_16x6 16 6 2048 32 1 0.000013296676693333332
avx512_mmm_f32_16x8 16 8 2048 32 1 0.000015780366962025316
fma_mmm_f32_8x8 8 8 2048 32 1 0.000019114495894538608
avx512_mmm_f32_16x12 16 12 2048 32 1 0.000021483041670329667
avx512_mmm_f32_128x1 128 1 2048 128 1 0.000008078748008562304
fma_mmm_f32_64x1 64 1 2048 128 1 0.000009674217159533075
fma_mmm_f32_32x1 32 1 2048 128 1 0.000011272914408117249
avx512_mmm_f32_80x2 80 2 2048 128 1 0.000012337903533168527
fma_mmm_f32_40x2 40 2 2048 128 1 0.000013532678410117435
avx512_mmm_f32_16x1 16 1 2048 128 1 0.00001368972844993141
avx512_mmm_f32_64x3 64 3 2048 128 1 0.0000152954744129658
fma_mmm_f32_32x3 32 3 2048 128 1 0.000015651227167449138
avx512_mmm_f32_48x4 48 4 2048 128 1 0.00001978619405940594
fma_mmm_f32_24x4 24 4 2048 128 1 0.000019857634353876736
avx512_mmm_f32_32x5 32 5 2048 128 1 0.00002434756673170731
fma_mmm_f32_16x5 16 5 2048 128 1 0.00002474098435643564
avx512_mmm_f32_32x6 32 6 2048 128 1 0.00002837657954285714
fma_mmm_f32_16x6 16 6 2048 128 1 0.000029787358328358204
avx512_mmm_f32_16x8 16 8 2048 128 1 0.00003737418426966292
fma_mmm_f32_8x8 8 8 2048 128 1 0.00004521630152529762
avx512_mmm_f32_16x12 16 12 2048 128 1 0.00005354487720430107
avx512_mmm_f32_128x1 128 1 2048 512 1 0.00007172246579601991
fma_mmm_f32_64x1 64 1 2048 512 1 0.00007216589352941177
fma_mmm_f32_32x1 32 1 2048 512 1 0.00007441838776119404
avx512_mmm_f32_16x1 16 1 2048 512 1 0.00007525883036890646
avx512_mmm_f32_80x2 80 2 2048 512 1 0.00007677681739130435
avx512_mmm_f32_64x3 64 3 2048 512 1 0.0000772574384
fma_mmm_f32_40x2 40 2 2048 512 1 0.0000774712357881137
fma_mmm_f32_32x3 32 3 2048 512 1 0.00007908714317460318
avx512_mmm_f32_48x4 48 4 2048 512 1 0.00008002973419354837
fma_mmm_f32_24x4 24 4 2048 512 1 0.00008418086371237458
avx512_mmm_f32_32x5 32 5 2048 512 1 0.00008508600514800516
avx512_mmm_f32_32x6 32 6 2048 512 1 0.00009361736045597485
fma_mmm_f32_16x5 16 5 2048 512 1 0.00009467524737864075
fma_mmm_f32_16x6 16 6 2048 512 1 0.00010226645746527779
avx512_mmm_f32_16x8 16 8 2048 512 1 0.0001261278025
fma_mmm_f32_8x8 8 8 2048 512 1 0.00015358611076923077
avx512_mmm_f32_16x12 16 12 2048 512 1 0.0001829512106481481
avx512_mmm_f32_128x1 128 1 2048 2048 1 0.0003184613522580645
fma_mmm_f32_64x1 64 1 2048 2048 1 0.0003290218111111111
avx512_mmm_f32_80x2 80 2 2048 2048 1 0.0003382997144827586
fma_mmm_f32_32x1 32 1 2048 2048 1 0.00033977275862068966
avx512_mmm_f32_16x1 16 1 2048 2048 1 0.0003421742055172413
avx512_mmm_f32_64x3 64 3 2048 2048 1 0.00034841923142857144
fma_mmm_f32_40x2 40 2 2048 2048 1 0.0003661601830769231
avx512_mmm_f32_48x4 48 4 2048 2048 1 0.000374912649691358
fma_mmm_f32_32x3 32 3 2048 2048 1 0.0003786023814102564
avx512_mmm_f32_32x5 32 5 2048 2048 1 0.00038442111679999987
fma_mmm_f32_24x4 24 4 2048 2048 1 0.00041384838666666665
avx512_mmm_f32_32x6 32 6 2048 2048 1 0.00043187763818181815
fma_mmm_f32_16x5 16 5 2048 2048 1 0.0004507228072727272
fma_mmm_f32_16x6 16 6 2048 2048 1 0.0004830644240000001
avx512_mmm_f32_16x8 16 8 2048 2048 1 0.0005529516877828056
fma_mmm_f32_8x8 8 8 2048 2048 1 0.0006918268125
avx512_mmm_f32_16x12 16 12 2048 2048 1 0.0007884728365384614
avx512_mmm_f32_128x1 128 1 4096 8 1 0.0000022852318584883987
fma_mmm_f32_64x1 64 1 4096 8 1 0.0000034437388619014578
fma_mmm_f32_32x1 32 1 4096 8 1 0.000006234712590567327
fma_mmm_f32_40x2 40 2 4096 8 1 0.000008021344501607718
avx512_mmm_f32_80x2 80 2 4096 8 1 0.000008921254073410922
fma_mmm_f32_32x3 32 3 4096 8 1 0.000009034335499092558
fma_mmm_f32_24x4 24 4 4096 8 1 0.00001040429686847599
avx512_mmm_f32_64x3 64 3 4096 8 1 0.000010538400549102429
fma_mmm_f32_16x5 16 5 4096 8 1 0.000012171572506082725
avx512_mmm_f32_48x4 48 4 4096 8 1 0.000012399652736318412
avx512_mmm_f32_32x5 32 5 4096 8 1 0.000015019537871064467
avx512_mmm_f32_16x1 16 1 4096 8 1 0.000015134556250000003
avx512_mmm_f32_32x6 32 6 4096 8 1 0.000016602891447587356
fma_mmm_f32_16x6 16 6 4096 8 1 0.00001815993837279903
avx512_mmm_f32_16x8 16 8 4096 8 1 0.000021273389491525425
fma_mmm_f32_8x8 8 8 4096 8 1 0.00002551705674185464
avx512_mmm_f32_16x12 16 12 4096 8 1 0.000027119069801699718
avx512_mmm_f32_128x1 128 1 4096 32 1 0.000004193092442202606
fma_mmm_f32_64x1 64 1 4096 32 1 0.000005822297448004497
fma_mmm_f32_32x1 32 1 4096 32 1 0.000009093603186147186
avx512_mmm_f32_80x2 80 2 4096 32 1 0.000011587606218097447
fma_mmm_f32_40x2 40 2 4096 32 1 0.00001187686829964328
fma_mmm_f32_32x3 32 3 4096 32 1 0.000013710485871056236
avx512_mmm_f32_64x3 64 3 4096 32 1 0.000014545996860465114
fma_mmm_f32_24x4 24 4 4096 32 1 0.000016758633892617448
avx512_mmm_f32_48x4 48 4 4096 32 1 0.000017972072805755396
avx512_mmm_f32_16x1 16 1 4096 32 1 0.000017993505369369367
fma_mmm_f32_16x5 16 5 4096 32 1 0.000021487532789115648
avx512_mmm_f32_32x5 32 5 4096 32 1 0.000022016833893805306
avx512_mmm_f32_32x6 32 6 4096 32 1 0.000024375134829268294
fma_mmm_f32_16x6 16 6 4096 32 1 0.000026806516568364615
avx512_mmm_f32_16x8 16 8 4096 32 1 0.00003180472063492064
fma_mmm_f32_8x8 8 8 4096 32 1 0.00003911937092307692
avx512_mmm_f32_16x12 16 12 4096 32 1 0.000043230676460177
avx512_mmm_f32_128x1 128 1 4096 128 1 0.00003579284057761733
fma_mmm_f32_64x1 64 1 4096 128 1 0.00003589798642599279
fma_mmm_f32_32x1 32 1 4096 128 1 0.0000389131296
fma_mmm_f32_40x2 40 2 4096 128 1 0.000042411968138528145
avx512_mmm_f32_80x2 80 2 4096 128 1 0.00004304445025143678
avx512_mmm_f32_64x3 64 3 4096 128 1 0.00004387327589285715
fma_mmm_f32_32x3 32 3 4096 128 1 0.000044220316036036046
avx512_mmm_f32_16x1 16 1 4096 128 1 0.00004427696277777779
avx512_mmm_f32_48x4 48 4 4096 128 1 0.00004681932492175273
fma_mmm_f32_24x4 24 4 4096 128 1 0.000048696389093137256
avx512_mmm_f32_32x5 32 5 4096 128 1 0.000051378025360824736
fma_mmm_f32_16x5 16 5 4096 128 1 0.000056337672090395476
fma_mmm_f32_16x6 16 6 4096 128 1 0.00006427121754838711
avx512_mmm_f32_32x6 32 6 4096 128 1 0.00006572718133333333
avx512_mmm_f32_16x8 16 8 4096 128 1 0.00007654766800000001
fma_mmm_f32_8x8 8 8 4096 128 1 0.00010002058208333334
avx512_mmm_f32_16x12 16 12 4096 128 1 0.000108802701978022
fma_mmm_f32_64x1 64 1 4096 512 1 0.0001446703188405797
avx512_mmm_f32_128x1 128 1 4096 512 1 0.00014510096927536231
fma_mmm_f32_32x1 32 1 4096 512 1 0.00015227092303030302
avx512_mmm_f32_80x2 80 2 4096 512 1 0.0001539176733630953
avx512_mmm_f32_16x1 16 1 4096 512 1 0.00015438679815384614
fma_mmm_f32_32x3 32 3 4096 512 1 0.0001585340935483871
avx512_mmm_f32_64x3 64 3 4096 512 1 0.00015898472812499997
fma_mmm_f32_40x2 40 2 4096 512 1 0.00016016653192934784
avx512_mmm_f32_48x4 48 4 4096 512 1 0.00016225825419354838
avx512_mmm_f32_32x5 32 5 4096 512 1 0.0001667922195652174
fma_mmm_f32_24x4 24 4 4096 512 1 0.0001688840766101695
fma_mmm_f32_16x5 16 5 4096 512 1 0.0001836416520061729
avx512_mmm_f32_32x6 32 6 4096 512 1 0.00018743397327044024
fma_mmm_f32_16x6 16 6 4096 512 1 0.00020405539625850338
avx512_mmm_f32_16x8 16 8 4096 512 1 0.000250195712
fma_mmm_f32_8x8 8 8 4096 512 1 0.00030931059124999995
avx512_mmm_f32_16x12 16 12 4096 512 1 0.00036748966518518523
avx512_mmm_f32_128x1 128 1 4096 2048 1 0.0009195246222222221
fma_mmm_f32_64x1 64 1 4096 2048 1 0.0010078605600000003
avx512_mmm_f32_16x1 16 1 4096 2048 1 0.0010093008791208788
avx512_mmm_f32_80x2 80 2 4096 2048 1 0.001012652577142857
fma_mmm_f32_32x1 32 1 4096 2048 1 0.0010320483703703705
avx512_mmm_f32_64x3 64 3 4096 2048 1 0.0010689263492063494
fma_mmm_f32_40x2 40 2 4096 2048 1 0.0012067143174603176
avx512_mmm_f32_48x4 48 4 4096 2048 1 0.0012301448171428571
avx512_mmm_f32_32x5 32 5 4096 2048 1 0.0013963754592592594
fma_mmm_f32_32x3 32 3 4096 2048 1 0.0014216077738095237
avx512_mmm_f32_32x6 32 6 4096 2048 1 0.0015162568154761906
fma_mmm_f32_24x4 24 4 4096 2048 1 0.0016300845320512821
avx512_mmm_f32_16x8 16 8 4096 2048 1 0.0018425496206896552
fma_mmm_f32_16x5 16 5 4096 2048 1 0.0019310458814814815
fma_mmm_f32_16x6 16 6 4096 2048 1 0.0020110217846153844
fma_mmm_f32_8x8 8 8 4096 2048 1 0.0022529649196428576
avx512_mmm_f32_16x12 16 12 4096 2048 1 0.0022532922410714285
