fma_mmm_f32_16x5 16 5 10 232 335 2.00582507839e-05
fma_mmm_f32_16x6 16 6 10 232 335 2.04683832683e-05
fma_mmm_f32_8x8 8 8 10 232 335 2.51245336134e-05
fma_mmm_f32_24x4 24 4 10 232 335 2.81122530365e-05
fma_mmm_f32_32x3 32 3 10 232 335 3.89264823448e-05
fma_mmm_f32_40x2 40 2 10 232 335 5.85340078822e-05
fma_mmm_f32_32x1 32 1 10 232 335 7.85931434729e-05
fma_mmm_f32_64x1 64 1 10 232 335 0.000151358034333
fma_mmm_f32_16x6 16 6 105 76 156 2.46892362734e-05
fma_mmm_f32_16x5 16 5 105 76 156 2.57093038738e-05
fma_mmm_f32_24x4 24 4 105 76 156 2.57688221287e-05
fma_mmm_f32_32x3 32 3 105 76 156 2.86260332092e-05
fma_mmm_f32_40x2 40 2 105 76 156 3.08117010267e-05
fma_mmm_f32_8x8 8 8 105 76 156 3.17856465275e-05
fma_mmm_f32_64x1 64 1 105 76 156 4.83974068939e-05
fma_mmm_f32_32x1 32 1 105 76 156 5.58940362828e-05
fma_mmm_f32_8x8 8 8 4 305 298 1.53511620199e-05
fma_mmm_f32_16x5 16 5 4 305 298 2.20758760591e-05
fma_mmm_f32_16x6 16 6 4 305 298 2.25203850166e-05
fma_mmm_f32_24x4 24 4 4 305 298 3.19211316459e-05
fma_mmm_f32_32x3 32 3 4 305 298 4.44621619898e-05
fma_mmm_f32_40x2 40 2 4 305 298 6.36372611512e-05
fma_mmm_f32_32x1 32 1 4 305 298 9.65671089109e-05
fma_mmm_f32_64x1 64 1 4 305 298 0.00017182775631
fma_mmm_f32_24x4 24 4 66 12 130 5.96844189038e-06
fma_mmm_f32_16x5 16 5 66 12 130 6.11317075523e-06
fma_mmm_f32_16x6 16 6 66 12 130 6.31461790101e-06
fma_mmm_f32_8x8 8 8 66 12 130 6.85906520218e-06
fma_mmm_f32_32x3 32 3 66 12 130 7.01234738793e-06
fma_mmm_f32_40x2 40 2 66 12 130 8.94691220667e-06
fma_mmm_f32_64x1 64 1 66 12 130 1.10875431304e-05
fma_mmm_f32_32x1 32 1 66 12 130 1.355628154e-05
fma_mmm_f32_16x6 16 6 217 10 398 5.41413030892e-05
fma_mmm_f32_16x5 16 5 217 10 398 5.61664705574e-05
fma_mmm_f32_24x4 24 4 217 10 398 5.77062737953e-05
fma_mmm_f32_8x8 8 8 217 10 398 5.95957070312e-05
fma_mmm_f32_32x3 32 3 217 10 398 6.10780342898e-05
fma_mmm_f32_40x2 40 2 217 10 398 6.96015649123e-05
fma_mmm_f32_64x1 64 1 217 10 398 8.87579958709e-05
fma_mmm_f32_32x1 32 1 217 10 398 0.000107385962427
fma_mmm_f32_16x5 16 5 11 198 185 9.52872706875e-06
fma_mmm_f32_16x6 16 6 11 198 185 9.78839330102e-06
fma_mmm_f32_8x8 8 8 11 198 185 1.21408476758e-05
fma_mmm_f32_24x4 24 4 11 198 185 1.36055732408e-05
fma_mmm_f32_32x3 32 3 11 198 185 1.84869486621e-05
fma_mmm_f32_40x2 40 2 11 198 185 2.6271738211e-05
fma_mmm_f32_32x1 32 1 11 198 185 3.80936530647e-05
fma_mmm_f32_64x1 64 1 11 198 185 7.42712454391e-05
fma_mmm_f32_16x6 16 6 55 271 144 3.79525516206e-05
fma_mmm_f32_16x5 16 5 55 271 144 3.92754431268e-05
fma_mmm_f32_8x8 8 8 55 271 144 4.13018313768e-05
fma_mmm_f32_32x3 32 3 55 271 144 4.29679063361e-05
fma_mmm_f32_24x4 24 4 55 271 144 4.47383112742e-05
fma_mmm_f32_40x2 40 2 55 271 144 7.03787736466e-05
fma_mmm_f32_32x1 32 1 55 271 144 8.93846632997e-05
fma_mmm_f32_64x1 64 1 55 271 144 8.95346472141e-05
fma_mmm_f32_16x6 16 6 501 27 227 9.13039371759e-05
fma_mmm_f32_16x5 16 5 501 27 227 9.51199233766e-05
fma_mmm_f32_24x4 24 4 501 27 227 9.54916714379e-05
fma_mmm_f32_32x3 32 3 501 27 227 0.000103183723613
fma_mmm_f32_8x8 8 8 501 27 227 0.000108330734756
fma_mmm_f32_40x2 40 2 501 27 227 0.000110049859036
fma_mmm_f32_64x1 64 1 501 27 227 0.000142558830064
fma_mmm_f32_32x1 32 1 501 27 227 0.000174610569767
fma_mmm_f32_16x6 16 6 112 112 144 3.00239501578e-05
fma_mmm_f32_16x5 16 5 112 112 144 3.14222265191e-05
fma_mmm_f32_24x4 24 4 112 112 144 3.27444803086e-05
fma_mmm_f32_32x3 32 3 112 112 144 3.60743430473e-05
fma_mmm_f32_8x8 8 8 112 112 144 3.77606553163e-05
fma_mmm_f32_40x2 40 2 112 112 144 3.95199228212e-05
fma_mmm_f32_32x1 32 1 112 112 144 7.32663325963e-05
fma_mmm_f32_64x1 64 1 112 112 144 7.39157244882e-05
fma_mmm_f32_8x8 8 8 8 198 270 8.67937654284e-06
fma_mmm_f32_16x5 16 5 8 198 270 1.38428207071e-05
fma_mmm_f32_16x6 16 6 8 198 270 1.41320141338e-05
fma_mmm_f32_24x4 24 4 8 198 270 1.94668739613e-05
fma_mmm_f32_32x3 32 3 8 198 270 2.63650891543e-05
fma_mmm_f32_40x2 40 2 8 198 270 3.66754843014e-05
fma_mmm_f32_32x1 32 1 8 198 270 5.41821184428e-05
fma_mmm_f32_64x1 64 1 8 198 270 0.000105093261847
fma_mmm_f32_16x6 16 6 455 20 154 5.00867271543e-05
fma_mmm_f32_24x4 24 4 455 20 154 5.18358292578e-05
fma_mmm_f32_16x5 16 5 455 20 154 5.20835798969e-05
fma_mmm_f32_32x3 32 3 455 20 154 5.48224303213e-05
fma_mmm_f32_40x2 40 2 455 20 154 5.95047728891e-05
fma_mmm_f32_8x8 8 8 455 20 154 5.9600417465e-05
fma_mmm_f32_64x1 64 1 455 20 154 7.25822849924e-05
fma_mmm_f32_32x1 32 1 455 20 154 9.48346447729e-05
fma_mmm_f32_24x4 24 4 20 234 190 1.68926273614e-05
fma_mmm_f32_8x8 8 8 20 234 190 2.10202654694e-05
fma_mmm_f32_16x6 16 6 20 234 190 2.17363807065e-05
fma_mmm_f32_16x5 16 5 20 234 190 2.17493956334e-05
fma_mmm_f32_32x3 32 3 20 234 190 2.37712657254e-05
fma_mmm_f32_40x2 40 2 20 234 190 3.48751163997e-05
fma_mmm_f32_32x1 32 1 20 234 190 4.86231815523e-05
fma_mmm_f32_64x1 64 1 20 234 190 8.96476995005e-05
fma_mmm_f32_16x6 16 6 181 47 302 6.08882324775e-05
fma_mmm_f32_24x4 24 4 181 47 302 6.11808257157e-05
fma_mmm_f32_16x5 16 5 181 47 302 6.2308290997e-05
fma_mmm_f32_32x3 32 3 181 47 302 6.44241491287e-05
fma_mmm_f32_8x8 8 8 181 47 302 7.07027452719e-05
fma_mmm_f32_40x2 40 2 181 47 302 7.21187676534e-05
fma_mmm_f32_64x1 64 1 181 47 302 0.000106347208612
fma_mmm_f32_32x1 32 1 181 47 302 0.000122732524227
fma_mmm_f32_16x6 16 6 175 39 143 2.43938519624e-05
fma_mmm_f32_16x5 16 5 175 39 143 2.5140395139e-05
fma_mmm_f32_24x4 24 4 175 39 143 2.54783884536e-05
fma_mmm_f32_32x3 32 3 175 39 143 2.65477957727e-05
fma_mmm_f32_8x8 8 8 175 39 143 2.88766764511e-05
fma_mmm_f32_40x2 40 2 175 39 143 2.97937806645e-05
fma_mmm_f32_64x1 64 1 175 39 143 4.22010407839e-05
fma_mmm_f32_32x1 32 1 175 39 143 4.95656213308e-05
fma_mmm_f32_16x6 16 6 225 11 93 1.33240539208e-05
fma_mmm_f32_16x5 16 5 225 11 93 1.35249385533e-05
fma_mmm_f32_24x4 24 4 225 11 93 1.35330158495e-05
fma_mmm_f32_32x3 32 3 225 11 93 1.41049748487e-05
fma_mmm_f32_8x8 8 8 225 11 93 1.51113030536e-05
fma_mmm_f32_40x2 40 2 225 11 93 1.63256304761e-05
fma_mmm_f32_64x1 64 1 225 11 93 2.19984434608e-05
fma_mmm_f32_32x1 32 1 225 11 93 2.4384558032e-05
fma_mmm_f32_16x6 16 6 27 123 326 2.28887718549e-05
fma_mmm_f32_16x5 16 5 27 123 326 2.30498501291e-05
fma_mmm_f32_32x3 32 3 27 123 326 2.63805015179e-05
fma_mmm_f32_8x8 8 8 27 123 326 2.76629262681e-05
fma_mmm_f32_24x4 24 4 27 123 326 3.15102760699e-05
fma_mmm_f32_40x2 40 2 27 123 326 3.37491690931e-05
fma_mmm_f32_32x1 32 1 27 123 326 5.51586615228e-05
fma_mmm_f32_64x1 64 1 27 123 326 8.34906577283e-05
fma_mmm_f32_16x5 16 5 197 192 73 4.82961937232e-05
fma_mmm_f32_16x6 16 6 197 192 73 4.91215039149e-05
fma_mmm_f32_24x4 24 4 197 192 73 5.21025205472e-05
fma_mmm_f32_32x3 32 3 197 192 73 5.85050185467e-05
fma_mmm_f32_8x8 8 8 197 192 73 6.03095131551e-05
fma_mmm_f32_40x2 40 2 197 192 73 6.69282805218e-05
fma_mmm_f32_32x1 32 1 197 192 73 0.000112919880682
fma_mmm_f32_64x1 64 1 197 192 73 0.000163055441954
fma_mmm_f32_16x6 16 6 37 98 258 2.1811859855e-05
fma_mmm_f32_16x5 16 5 37 98 258 2.23306323713e-05
fma_mmm_f32_24x4 24 4 37 98 258 2.2466405046e-05
fma_mmm_f32_8x8 8 8 37 98 258 2.32776748885e-05
fma_mmm_f32_40x2 40 2 37 98 258 2.64370754059e-05
fma_mmm_f32_32x3 32 3 37 98 258 2.92235208702e-05
fma_mmm_f32_64x1 64 1 37 98 258 5.64434276796e-05
fma_mmm_f32_32x1 32 1 37 98 258 5.81017139985e-05
fma_mmm_f32_16x6 16 6 63 99 351 4.10736186557e-05
fma_mmm_f32_16x5 16 5 63 99 351 4.18486874634e-05
fma_mmm_f32_24x4 24 4 63 99 351 4.55349391284e-05
fma_mmm_f32_32x3 32 3 63 99 351 4.61159245423e-05
fma_mmm_f32_8x8 8 8 63 99 351 5.01416872138e-05
fma_mmm_f32_40x2 40 2 63 99 351 5.84505344313e-05
fma_mmm_f32_64x1 64 1 63 99 351 8.97203224792e-05
fma_mmm_f32_32x1 32 1 63 99 351 9.31313388573e-05
fma_mmm_f32_32x3 32 3 78 149 3 8.15885878101e-07
fma_mmm_f32_24x4 24 4 78 149 3 1.10459767068e-06
fma_mmm_f32_40x2 40 2 78 149 3 1.10615423097e-06
fma_mmm_f32_16x5 16 5 78 149 3 1.2002747688e-06
fma_mmm_f32_16x6 16 6 78 149 3 1.40254688925e-06
fma_mmm_f32_32x1 32 1 78 149 3 1.5986835709e-06
fma_mmm_f32_8x8 8 8 78 149 3 2.15785404861e-06
fma_mmm_f32_64x1 64 1 78 149 3 2.17726611498e-06
fma_mmm_f32_16x5 16 5 447 9 29 8.40362428113e-06
fma_mmm_f32_24x4 24 4 447 9 29 8.43177555348e-06
fma_mmm_f32_16x6 16 6 447 9 29 8.45629370969e-06
fma_mmm_f32_32x3 32 3 447 9 29 8.58895475372e-06
fma_mmm_f32_40x2 40 2 447 9 29 8.94786566461e-06
fma_mmm_f32_8x8 8 8 447 9 29 1.03903339163e-05
fma_mmm_f32_64x1 64 1 447 9 29 1.14440241637e-05
fma_mmm_f32_32x1 32 1 447 9 29 1.39791918101e-05
fma_mmm_f32_16x6 16 6 316 8 430 7.99009378778e-05
fma_mmm_f32_16x5 16 5 316 8 430 8.3011592057e-05
fma_mmm_f32_24x4 24 4 316 8 430 8.7625449282e-05
fma_mmm_f32_8x8 8 8 316 8 430 8.8924681326e-05
fma_mmm_f32_32x3 32 3 316 8 430 9.07532285266e-05
fma_mmm_f32_40x2 40 2 316 8 430 0.000102753920546
fma_mmm_f32_64x1 64 1 316 8 430 0.000139886737933
fma_mmm_f32_32x1 32 1 316 8 430 0.000153848522727
fma_mmm_f32_16x6 16 6 152 5 348 2.8007418932e-05
fma_mmm_f32_24x4 24 4 152 5 348 2.88330969158e-05
fma_mmm_f32_16x5 16 5 152 5 348 2.93751182969e-05
fma_mmm_f32_8x8 8 8 152 5 348 3.01800613122e-05
fma_mmm_f32_32x3 32 3 152 5 348 3.31406283802e-05
fma_mmm_f32_40x2 40 2 152 5 348 4.09148952227e-05
fma_mmm_f32_64x1 64 1 152 5 348 5.33619261908e-05
fma_mmm_f32_32x1 32 1 152 5 348 6.56113418703e-05
fma_mmm_f32_16x6 16 6 10 379 27 2.81763272897e-06
fma_mmm_f32_16x5 16 5 10 379 27 2.83624781729e-06
fma_mmm_f32_8x8 8 8 10 379 27 3.71285039697e-06
fma_mmm_f32_24x4 24 4 10 379 27 3.7296964591e-06
fma_mmm_f32_32x3 32 3 10 379 27 5.03252454678e-06
fma_mmm_f32_40x2 40 2 10 379 27 7.59908699744e-06
fma_mmm_f32_32x1 32 1 10 379 27 1.10295524388e-05
fma_mmm_f32_64x1 64 1 10 379 27 1.99198350914e-05
fma_mmm_f32_24x4 24 4 212 173 13 9.93378072516e-06
fma_mmm_f32_16x5 16 5 212 173 13 1.00108776727e-05
fma_mmm_f32_32x3 32 3 212 173 13 1.05866251655e-05
fma_mmm_f32_16x6 16 6 212 173 13 1.15716041544e-05
fma_mmm_f32_8x8 8 8 212 173 13 1.22413316869e-05
fma_mmm_f32_40x2 40 2 212 173 13 1.22915713535e-05
fma_mmm_f32_32x1 32 1 212 173 13 1.82011603309e-05
fma_mmm_f32_64x1 64 1 212 173 13 2.55099245663e-05
fma_mmm_f32_40x2 40 2 254 57 14 4.87517187626e-06
fma_mmm_f32_16x5 16 5 254 57 14 4.90536231884e-06
fma_mmm_f32_32x3 32 3 254 57 14 5.09280519034e-06
fma_mmm_f32_24x4 24 4 254 57 14 5.22736594775e-06
fma_mmm_f32_16x6 16 6 254 57 14 5.88601141574e-06
fma_mmm_f32_8x8 8 8 254 57 14 6.61502446849e-06
fma_mmm_f32_64x1 64 1 254 57 14 6.98417092591e-06
fma_mmm_f32_32x1 32 1 254 57 14 8.78754376075e-06
fma_mmm_f32_40x2 40 2 40 10 422 1.02743091661e-05
fma_mmm_f32_8x8 8 8 40 10 422 1.08277362073e-05
fma_mmm_f32_16x5 16 5 40 10 422 1.23092752832e-05
fma_mmm_f32_24x4 24 4 40 10 422 1.23821430888e-05
fma_mmm_f32_16x6 16 6 40 10 422 1.27167546975e-05
fma_mmm_f32_32x3 32 3 40 10 422 1.52912182322e-05
fma_mmm_f32_32x1 32 1 40 10 422 3.26525959733e-05
fma_mmm_f32_64x1 64 1 40 10 422 4.19860278822e-05
fma_mmm_f32_16x6 16 6 372 72 142 7.5315576236e-05
fma_mmm_f32_16x5 16 5 372 72 142 7.77901282518e-05
fma_mmm_f32_24x4 24 4 372 72 142 7.79454205452e-05
fma_mmm_f32_32x3 32 3 372 72 142 8.11107975818e-05
fma_mmm_f32_40x2 40 2 372 72 142 8.87617467049e-05
fma_mmm_f32_8x8 8 8 372 72 142 9.27078739821e-05
fma_mmm_f32_64x1 64 1 372 72 142 0.000126737987404
fma_mmm_f32_32x1 32 1 372 72 142 0.000150683044302
fma_mmm_f32_8x8 8 8 7 311 376 1.9650320333e-05
fma_mmm_f32_16x5 16 5 7 311 376 2.9343222435e-05
fma_mmm_f32_16x6 16 6 7 311 376 2.94925502235e-05
fma_mmm_f32_24x4 24 4 7 311 376 4.13317306205e-05
fma_mmm_f32_32x3 32 3 7 311 376 5.78274314191e-05
fma_mmm_f32_40x2 40 2 7 311 376 8.43244402992e-05
fma_mmm_f32_32x1 32 1 7 311 376 0.000125702174632
fma_mmm_f32_64x1 64 1 7 311 376 0.000223026575581
fma_mmm_f32_16x6 16 6 125 56 196 2.93987577206e-05
fma_mmm_f32_16x5 16 5 125 56 196 3.02126164086e-05
fma_mmm_f32_24x4 24 4 125 56 196 3.11641305846e-05
fma_mmm_f32_32x3 32 3 125 56 196 3.28341703134e-05
fma_mmm_f32_8x8 8 8 125 56 196 3.60302996774e-05
fma_mmm_f32_40x2 40 2 125 56 196 3.81527221919e-05
fma_mmm_f32_64x1 64 1 125 56 196 5.64849790445e-05
fma_mmm_f32_32x1 32 1 125 56 196 6.36518186746e-05
fma_mmm_f32_16x5 16 5 56 170 235 4.08560265731e-05
fma_mmm_f32_16x6 16 6 56 170 235 4.17067511684e-05
fma_mmm_f32_32x3 32 3 56 170 235 4.43695181159e-05
fma_mmm_f32_8x8 8 8 56 170 235 4.51265447964e-05
fma_mmm_f32_24x4 24 4 56 170 235 4.52555161141e-05
fma_mmm_f32_40x2 40 2 56 170 235 5.88004559476e-05
fma_mmm_f32_32x1 32 1 56 170 235 9.12724922917e-05
fma_mmm_f32_64x1 64 1 56 170 235 0.000100888107827
fma_mmm_f32_16x6 16 6 510 2 391 0.000100764317647
fma_mmm_f32_16x5 16 5 510 2 391 0.000105980925184
fma_mmm_f32_8x8 8 8 510 2 391 0.000110707069942
fma_mmm_f32_24x4 24 4 510 2 391 0.000110755709371
fma_mmm_f32_32x3 32 3 510 2 391 0.000117799598784
fma_mmm_f32_40x2 40 2 510 2 391 0.000126786757191
fma_mmm_f32_64x1 64 1 510 2 391 0.000163806219672
fma_mmm_f32_32x1 32 1 510 2 391 0.000191274708265
fma_mmm_f32_16x6 16 6 351 18 206 5.07392863252e-05
fma_mmm_f32_24x4 24 4 351 18 206 5.18657793742e-05
fma_mmm_f32_16x5 16 5 351 18 206 5.26608270042e-05
fma_mmm_f32_32x3 32 3 351 18 206 5.49800180159e-05
fma_mmm_f32_8x8 8 8 351 18 206 5.72537059183e-05
fma_mmm_f32_40x2 40 2 351 18 206 6.14803415426e-05
fma_mmm_f32_64x1 64 1 351 18 206 7.84740902827e-05
fma_mmm_f32_32x1 32 1 351 18 206 9.73435628294e-05
fma_mmm_f32_16x5 16 5 405 149 45 4.72351432662e-05
fma_mmm_f32_16x6 16 6 405 149 45 5.01929861542e-05
fma_mmm_f32_24x4 24 4 405 149 45 5.21979663426e-05
fma_mmm_f32_32x3 32 3 405 149 45 5.23213808181e-05
fma_mmm_f32_8x8 8 8 405 149 45 5.9969107176e-05
fma_mmm_f32_40x2 40 2 405 149 45 6.90466847131e-05
fma_mmm_f32_32x1 32 1 405 149 45 0.000106446524779
fma_mmm_f32_64x1 64 1 405 149 45 0.000141654381894
fma_mmm_f32_16x6 16 6 218 295 31 3.70401664513e-05
fma_mmm_f32_16x5 16 5 218 295 31 3.79922683023e-05
fma_mmm_f32_24x4 24 4 218 295 31 3.96924534419e-05
fma_mmm_f32_8x8 8 8 218 295 31 4.02379697349e-05
fma_mmm_f32_32x3 32 3 218 295 31 4.21966336549e-05
fma_mmm_f32_40x2 40 2 218 295 31 6.42411387468e-05
fma_mmm_f32_32x1 32 1 218 295 31 9.01412423618e-05
fma_mmm_f32_64x1 64 1 218 295 31 0.000119661218615
fma_mmm_f32_16x5 16 5 214 241 73 6.53423881569e-05
fma_mmm_f32_16x6 16 6 214 241 73 6.5992352138e-05
fma_mmm_f32_24x4 24 4 214 241 73 6.66184021626e-05
fma_mmm_f32_32x3 32 3 214 241 73 7.8852105791e-05
fma_mmm_f32_8x8 8 8 214 241 73 8.06643220104e-05
fma_mmm_f32_40x2 40 2 214 241 73 0.00010325926019
fma_mmm_f32_32x1 32 1 214 241 73 0.000159593103261
fma_mmm_f32_64x1 64 1 214 241 73 0.000223923598485
fma_mmm_f32_16x6 16 6 56 150 368 5.79119106878e-05
fma_mmm_f32_16x5 16 5 56 150 368 5.89985576579e-05
fma_mmm_f32_32x3 32 3 56 150 368 6.20382536842e-05
fma_mmm_f32_8x8 8 8 56 150 368 6.24057694041e-05
fma_mmm_f32_24x4 24 4 56 150 368 6.31706263865e-05
fma_mmm_f32_40x2 40 2 56 150 368 8.18475982143e-05
fma_mmm_f32_32x1 32 1 56 150 368 0.000127284155619
fma_mmm_f32_64x1 64 1 56 150 368 0.000144778998965
fma_mmm_f32_24x4 24 4 404 4 319 6.86455342799e-05
fma_mmm_f32_16x6 16 6 404 4 319 6.91826576087e-05
fma_mmm_f32_16x5 16 5 404 4 319 7.31222541778e-05
fma_mmm_f32_32x3 32 3 404 4 319 7.42388518519e-05
fma_mmm_f32_8x8 8 8 404 4 319 7.51278719479e-05
fma_mmm_f32_40x2 40 2 404 4 319 8.09463712051e-05
fma_mmm_f32_64x1 64 1 404 4 319 9.72728470157e-05
fma_mmm_f32_32x1 32 1 404 4 319 0.000127185973962
fma_mmm_f32_8x8 8 8 8 187 362 1.12877220088e-05
fma_mmm_f32_16x5 16 5 8 187 362 1.78363824219e-05
fma_mmm_f32_16x6 16 6 8 187 362 1.83642661307e-05
fma_mmm_f32_24x4 24 4 8 187 362 2.48500168799e-05
fma_mmm_f32_32x3 32 3 8 187 362 3.38350615012e-05
fma_mmm_f32_40x2 40 2 8 187 362 4.53338391561e-05
fma_mmm_f32_32x1 32 1 8 187 362 6.92515734649e-05
fma_mmm_f32_64x1 64 1 8 187 362 0.000133203053099
fma_mmm_f32_16x5 16 5 14 197 141 7.62645879179e-06
fma_mmm_f32_16x6 16 6 14 197 141 7.72497555374e-06
fma_mmm_f32_8x8 8 8 14 197 141 9.28922815017e-06
fma_mmm_f32_24x4 24 4 14 197 141 1.05790856009e-05
fma_mmm_f32_32x3 32 3 14 197 141 1.45334089383e-05
fma_mmm_f32_40x2 40 2 14 197 141 2.0050102226e-05
fma_mmm_f32_32x1 32 1 14 197 141 2.95804022342e-05
fma_mmm_f32_64x1 64 1 14 197 141 5.62544974057e-05
fma_mmm_f32_24x4 24 4 485 29 64 2.51200845665e-05
fma_mmm_f32_16x6 16 6 485 29 64 2.6874352783e-05
fma_mmm_f32_32x3 32 3 485 29 64 2.70640233256e-05
fma_mmm_f32_40x2 40 2 485 29 64 2.78221466641e-05
fma_mmm_f32_16x5 16 5 485 29 64 2.78886008349e-05
fma_mmm_f32_8x8 8 8 485 29 64 2.90071782188e-05
fma_mmm_f32_64x1 64 1 485 29 64 3.68292780098e-05
fma_mmm_f32_32x1 32 1 485 29 64 4.73470919329e-05
fma_mmm_f32_16x6 16 6 403 4 484 9.83530103051e-05
fma_mmm_f32_16x5 16 5 403 4 484 0.000105635412879
fma_mmm_f32_24x4 24 4 403 4 484 0.000106130584229
fma_mmm_f32_8x8 8 8 403 4 484 0.000110764884714
fma_mmm_f32_32x3 32 3 403 4 484 0.00011702970487
fma_mmm_f32_40x2 40 2 403 4 484 0.000124476255658
fma_mmm_f32_64x1 64 1 403 4 484 0.000160097864186
fma_mmm_f32_32x1 32 1 403 4 484 0.000220302059491
fma_mmm_f32_8x8 8 8 6 320 395 2.20784826854e-05
fma_mmm_f32_16x5 16 5 6 320 395 3.12072081989e-05
fma_mmm_f32_16x6 16 6 6 320 395 3.16790877391e-05
fma_mmm_f32_24x4 24 4 6 320 395 4.4598383871e-05
fma_mmm_f32_32x3 32 3 6 320 395 6.15130413924e-05
fma_mmm_f32_40x2 40 2 6 320 395 9.00120188454e-05
fma_mmm_f32_32x1 32 1 6 320 395 0.000140995610035
fma_mmm_f32_64x1 64 1 6 320 395 0.000272715289474
fma_mmm_f32_24x4 24 4 354 1 465 8.81571465093e-05
fma_mmm_f32_16x6 16 6 354 1 465 8.8488134863e-05
fma_mmm_f32_32x3 32 3 354 1 465 9.28117727141e-05
fma_mmm_f32_16x5 16 5 354 1 465 9.33291167722e-05
fma_mmm_f32_8x8 8 8 354 1 465 9.42455673854e-05
fma_mmm_f32_40x2 40 2 354 1 465 0.000110602965109
fma_mmm_f32_64x1 64 1 354 1 465 0.000134346217035
fma_mmm_f32_32x1 32 1 354 1 465 0.000155575228807
fma_mmm_f32_16x5 16 5 452 163 5 7.62606349712e-06
fma_mmm_f32_16x6 16 6 452 163 5 9.6635190629e-06
fma_mmm_f32_32x3 32 3 452 163 5 1.00980663662e-05
fma_mmm_f32_40x2 40 2 452 163 5 1.05936076379e-05
fma_mmm_f32_24x4 24 4 452 163 5 1.13630616231e-05
fma_mmm_f32_8x8 8 8 452 163 5 1.3547638285e-05
fma_mmm_f32_32x1 32 1 452 163 5 1.58966220444e-05
fma_mmm_f32_64x1 64 1 452 163 5 1.91040865233e-05
fma_mmm_f32_16x6 16 6 48 281 23 4.8689327402e-06
fma_mmm_f32_24x4 24 4 48 281 23 5.06732606102e-06
fma_mmm_f32_16x5 16 5 48 281 23 5.22110233197e-06
fma_mmm_f32_8x8 8 8 48 281 23 6.34669703215e-06
fma_mmm_f32_32x3 32 3 48 281 23 7.27973110257e-06
fma_mmm_f32_40x2 40 2 48 281 23 1.11607219444e-05
fma_mmm_f32_32x1 32 1 48 281 23 1.52259647632e-05
fma_mmm_f32_64x1 64 1 48 281 23 1.5282258031e-05
fma_mmm_f32_32x3 32 3 328 317 3 8.29328527e-06
fma_mmm_f32_24x4 24 4 328 317 3 9.45345101138e-06
fma_mmm_f32_16x5 16 5 328 317 3 1.10336504655e-05
fma_mmm_f32_16x6 16 6 328 317 3 1.23434016014e-05
fma_mmm_f32_40x2 40 2 328 317 3 1.5193102687e-05
fma_mmm_f32_8x8 8 8 328 317 3 1.70875995589e-05
fma_mmm_f32_32x1 32 1 328 317 3 1.76492585054e-05
fma_mmm_f32_64x1 64 1 328 317 3 2.15033353346e-05
fma_mmm_f32_24x4 24 4 42 34 181 8.1881776245e-06
fma_mmm_f32_16x5 16 5 42 34 181 8.2472116611e-06
fma_mmm_f32_16x6 16 6 42 34 181 8.38193164275e-06
fma_mmm_f32_8x8 8 8 42 34 181 9.38923183712e-06
fma_mmm_f32_32x3 32 3 42 34 181 1.03247366208e-05
fma_mmm_f32_40x2 40 2 42 34 181 1.25393363483e-05
fma_mmm_f32_32x1 32 1 42 34 181 2.06851178093e-05
fma_mmm_f32_64x1 64 1 42 34 181 2.27110361944e-05
fma_mmm_f32_16x5 16 5 13 283 292 2.15912279578e-05
fma_mmm_f32_16x6 16 6 13 283 292 2.1612386661e-05
fma_mmm_f32_8x8 8 8 13 283 292 2.65731979662e-05
fma_mmm_f32_24x4 24 4 13 283 292 2.98957335161e-05
fma_mmm_f32_32x3 32 3 13 283 292 4.29878376031e-05
fma_mmm_f32_40x2 40 2 13 283 292 6.12559063347e-05
fma_mmm_f32_32x1 32 1 13 283 292 9.34045888127e-05
fma_mmm_f32_64x1 64 1 13 283 292 0.000188998597323
fma_mmm_f32_24x4 24 4 418 334 4 1.24451197378e-05
fma_mmm_f32_16x5 16 5 418 334 4 1.46727496054e-05
fma_mmm_f32_16x6 16 6 418 334 4 1.66170324891e-05
fma_mmm_f32_40x2 40 2 418 334 4 1.93821581862e-05
fma_mmm_f32_8x8 8 8 418 334 4 2.278564493e-05
fma_mmm_f32_32x3 32 3 418 334 4 2.32354820186e-05
fma_mmm_f32_64x1 64 1 418 334 4 3.51391881625e-05
fma_mmm_f32_32x1 32 1 418 334 4 3.63220519305e-05
fma_mmm_f32_16x5 16 5 254 141 80 4.86053571715e-05
fma_mmm_f32_24x4 24 4 254 141 80 4.94975396904e-05
fma_mmm_f32_16x6 16 6 254 141 80 4.96690302557e-05
fma_mmm_f32_32x3 32 3 254 141 80 5.19682841365e-05
fma_mmm_f32_8x8 8 8 254 141 80 5.82405335932e-05
fma_mmm_f32_40x2 40 2 254 141 80 6.38876394062e-05
fma_mmm_f32_32x1 32 1 254 141 80 0.00010050938743
fma_mmm_f32_64x1 64 1 254 141 80 0.000115195296695
fma_mmm_f32_24x4 24 4 47 13 250 8.44812531267e-06
fma_mmm_f32_16x5 16 5 47 13 250 8.46862618471e-06
fma_mmm_f32_16x6 16 6 47 13 250 8.89896096702e-06
fma_mmm_f32_8x8 8 8 47 13 250 9.1771223008e-06
fma_mmm_f32_32x3 32 3 47 13 250 1.09795002405e-05
fma_mmm_f32_40x2 40 2 47 13 250 1.30449957439e-05
fma_mmm_f32_32x1 32 1 47 13 250 2.33510443403e-05
fma_mmm_f32_64x1 64 1 47 13 250 2.85578178984e-05
fma_mmm_f32_16x5 16 5 375 3 49 9.83444132887e-06
fma_mmm_f32_24x4 24 4 375 3 49 9.95865907901e-06
fma_mmm_f32_32x3 32 3 375 3 49 1.01346637186e-05
fma_mmm_f32_16x6 16 6 375 3 49 1.03480791065e-05
fma_mmm_f32_40x2 40 2 375 3 49 1.13038605606e-05
fma_mmm_f32_8x8 8 8 375 3 49 1.25914381314e-05
fma_mmm_f32_64x1 64 1 375 3 49 1.50979197288e-05
fma_mmm_f32_32x1 32 1 375 3 49 1.79747493696e-05
fma_mmm_f32_16x6 16 6 103 22 296 2.4249450523e-05
fma_mmm_f32_16x5 16 5 103 22 296 2.4949772924e-05
fma_mmm_f32_24x4 24 4 103 22 296 2.50648636254e-05
fma_mmm_f32_8x8 8 8 103 22 296 2.60195170603e-05
fma_mmm_f32_32x3 32 3 103 22 296 2.81720386788e-05
fma_mmm_f32_40x2 40 2 103 22 296 3.17210409608e-05
fma_mmm_f32_64x1 64 1 103 22 296 4.95146059471e-05
fma_mmm_f32_32x1 32 1 103 22 296 5.28616247737e-05
fma_mmm_f32_16x6 16 6 38 452 153 5.05283251394e-05
fma_mmm_f32_24x4 24 4 38 452 153 5.19009741492e-05
fma_mmm_f32_16x5 16 5 38 452 153 5.19855419922e-05
fma_mmm_f32_40x2 40 2 38 452 153 5.41145910583e-05
fma_mmm_f32_8x8 8 8 38 452 153 5.47374964915e-05
fma_mmm_f32_32x3 32 3 38 452 153 7.12951440665e-05
fma_mmm_f32_64x1 64 1 38 452 153 0.000144434095952
fma_mmm_f32_32x1 32 1 38 452 153 0.000151386450882
fma_mmm_f32_8x8 8 8 3 500 242 2.0615566817e-05
fma_mmm_f32_16x6 16 6 3 500 242 2.91882760418e-05
fma_mmm_f32_16x5 16 5 3 500 242 2.9564481833e-05
fma_mmm_f32_24x4 24 4 3 500 242 4.09971093219e-05
fma_mmm_f32_32x3 32 3 3 500 242 5.70228942857e-05
fma_mmm_f32_40x2 40 2 3 500 242 8.39593183618e-05
fma_mmm_f32_32x1 32 1 3 500 242 0.000121408719512
fma_mmm_f32_64x1 64 1 3 500 242 0.000245981326099
fma_mmm_f32_16x6 16 6 16 184 144 6.36660517461e-06
fma_mmm_f32_16x5 16 5 16 184 144 6.57806420955e-06
fma_mmm_f32_8x8 8 8 16 184 144 8.30077475575e-06
fma_mmm_f32_24x4 24 4 16 184 144 1.00877820271e-05
fma_mmm_f32_32x3 32 3 16 184 144 1.39855575053e-05
fma_mmm_f32_40x2 40 2 16 184 144 1.87150355013e-05
fma_mmm_f32_32x1 32 1 16 184 144 2.9208252517e-05
fma_mmm_f32_64x1 64 1 16 184 144 5.42448545638e-05
fma_mmm_f32_24x4 24 4 46 74 376 2.6551552e-05
fma_mmm_f32_16x6 16 6 46 74 376 2.68752557107e-05
fma_mmm_f32_16x5 16 5 46 74 376 2.69573645885e-05
fma_mmm_f32_8x8 8 8 46 74 376 3.17206388431e-05
fma_mmm_f32_32x3 32 3 46 74 376 3.53729936614e-05
fma_mmm_f32_40x2 40 2 46 74 376 4.31100503167e-05
fma_mmm_f32_64x1 64 1 46 74 376 6.60731494167e-05
fma_mmm_f32_32x1 32 1 46 74 376 7.11693337001e-05
fma_mmm_f32_16x5 16 5 341 251 20 2.78328049744e-05
fma_mmm_f32_24x4 24 4 341 251 20 3.09728153618e-05
fma_mmm_f32_16x6 16 6 341 251 20 3.52684573017e-05
fma_mmm_f32_32x3 32 3 341 251 20 3.9258616867e-05
fma_mmm_f32_8x8 8 8 341 251 20 4.09831426472e-05
fma_mmm_f32_40x2 40 2 341 251 20 4.63257869888e-05
fma_mmm_f32_32x1 32 1 341 251 20 7.90503980785e-05
fma_mmm_f32_64x1 64 1 341 251 20 0.00011054530207
fma_mmm_f32_16x6 16 6 81 331 122 6.0977113369e-05
fma_mmm_f32_16x5 16 5 81 331 122 6.11850540611e-05
fma_mmm_f32_24x4 24 4 81 331 122 6.19556875245e-05
fma_mmm_f32_8x8 8 8 81 331 122 6.94109556878e-05
fma_mmm_f32_32x3 32 3 81 331 122 7.07303085534e-05
fma_mmm_f32_40x2 40 2 81 331 122 0.000116582980349
fma_mmm_f32_32x1 32 1 81 331 122 0.000141754033774
fma_mmm_f32_64x1 64 1 81 331 122 0.00021332380163
fma_mmm_f32_16x6 16 6 498 266 27 6.67390657971e-05
fma_mmm_f32_16x5 16 5 498 266 27 6.82099009083e-05
fma_mmm_f32_24x4 24 4 498 266 27 7.20005725409e-05
fma_mmm_f32_32x3 32 3 498 266 27 8.1024198815e-05
fma_mmm_f32_8x8 8 8 498 266 27 8.27910209877e-05
fma_mmm_f32_40x2 40 2 498 266 27 0.000133643606786
fma_mmm_f32_32x1 32 1 498 266 27 0.000180357707837
fma_mmm_f32_64x1 64 1 498 266 27 0.000229202615504
fma_mmm_f32_16x6 16 6 254 335 41 6.00986439636e-05
fma_mmm_f32_16x5 16 5 254 335 41 6.30941443682e-05
fma_mmm_f32_24x4 24 4 254 335 41 7.15740405696e-05
fma_mmm_f32_8x8 8 8 254 335 41 7.80014127887e-05
fma_mmm_f32_32x3 32 3 254 335 41 8.77767368669e-05
fma_mmm_f32_40x2 40 2 254 335 41 0.000126856424434
fma_mmm_f32_64x1 64 1 254 335 41 0.000201874348619
fma_mmm_f32_32x1 32 1 254 335 41 0.000207926238998
fma_mmm_f32_8x8 8 8 8 129 346 7.69460763851e-06
fma_mmm_f32_16x5 16 5 8 129 346 1.27019309068e-05
fma_mmm_f32_16x6 16 6 8 129 346 1.30629523429e-05
fma_mmm_f32_24x4 24 4 8 129 346 1.73655259525e-05
fma_mmm_f32_32x3 32 3 8 129 346 2.37943138165e-05
fma_mmm_f32_40x2 40 2 8 129 346 3.09018452125e-05
fma_mmm_f32_32x1 32 1 8 129 346 4.95781017191e-05
fma_mmm_f32_64x1 64 1 8 129 346 8.19598914657e-05
fma_mmm_f32_16x5 16 5 14 236 295 1.84244737528e-05
fma_mmm_f32_16x6 16 6 14 236 295 1.90044343929e-05
fma_mmm_f32_8x8 8 8 14 236 295 2.27656233728e-05
fma_mmm_f32_24x4 24 4 14 236 295 2.56501733027e-05
fma_mmm_f32_32x3 32 3 14 236 295 3.57794430855e-05
fma_mmm_f32_40x2 40 2 14 236 295 5.33564241555e-05
fma_mmm_f32_32x1 32 1 14 236 295 7.2221196176e-05
fma_mmm_f32_64x1 64 1 14 236 295 0.000140922339165
fma_mmm_f32_16x5 16 5 161 334 5 5.28973100645e-06
fma_mmm_f32_16x6 16 6 161 334 5 6.39294736923e-06
fma_mmm_f32_24x4 24 4 161 334 5 7.56374793812e-06
fma_mmm_f32_32x3 32 3 161 334 5 8.27910759926e-06
fma_mmm_f32_8x8 8 8 161 334 5 8.76640070475e-06
fma_mmm_f32_40x2 40 2 161 334 5 1.12202927177e-05
fma_mmm_f32_64x1 64 1 161 334 5 1.54986902744e-05
fma_mmm_f32_32x1 32 1 161 334 5 1.61352862356e-05
fma_mmm_f32_16x5 16 5 495 390 19 6.77716442204e-05
fma_mmm_f32_24x4 24 4 495 390 19 7.37060336626e-05
fma_mmm_f32_16x6 16 6 495 390 19 7.64473691228e-05
fma_mmm_f32_8x8 8 8 495 390 19 8.76046081043e-05
fma_mmm_f32_32x3 32 3 495 390 19 0.000104428675998
fma_mmm_f32_40x2 40 2 495 390 19 0.000135029911508
fma_mmm_f32_64x1 64 1 495 390 19 0.000228938604896
fma_mmm_f32_32x1 32 1 495 390 19 0.000234682952381
fma_mmm_f32_16x6 16 6 256 286 26 3.50265741627e-05
fma_mmm_f32_16x5 16 5 256 286 26 3.58221457864e-05
fma_mmm_f32_24x4 24 4 256 286 26 3.84933698305e-05
fma_mmm_f32_32x3 32 3 256 286 26 3.95870051925e-05
fma_mmm_f32_8x8 8 8 256 286 26 4.43094174677e-05
fma_mmm_f32_40x2 40 2 256 286 26 6.18384095052e-05
fma_mmm_f32_32x1 32 1 256 286 26 8.24055455263e-05
fma_mmm_f32_64x1 64 1 256 286 26 9.57183166667e-05
fma_mmm_f32_16x6 16 6 29 233 287 3.3705270628e-05
fma_mmm_f32_16x5 16 5 29 233 287 3.45611730104e-05
fma_mmm_f32_32x3 32 3 29 233 287 3.78634293971e-05
fma_mmm_f32_8x8 8 8 29 233 287 4.20128293935e-05
fma_mmm_f32_24x4 24 4 29 233 287 4.81665376864e-05
fma_mmm_f32_40x2 40 2 29 233 287 5.62971914833e-05
fma_mmm_f32_32x1 32 1 29 233 287 7.86051589782e-05
fma_mmm_f32_64x1 64 1 29 233 287 0.000142994794141
fma_mmm_f32_16x6 16 6 459 65 62 3.91603842813e-05
fma_mmm_f32_16x5 16 5 459 65 62 3.93908733505e-05
fma_mmm_f32_24x4 24 4 459 65 62 4.06465000454e-05
fma_mmm_f32_32x3 32 3 459 65 62 4.18352510165e-05
fma_mmm_f32_40x2 40 2 459 65 62 4.40494643499e-05
fma_mmm_f32_8x8 8 8 459 65 62 4.75834074347e-05
fma_mmm_f32_64x1 64 1 459 65 62 6.15821730541e-05
fma_mmm_f32_32x1 32 1 459 65 62 7.57088064516e-05
fma_mmm_f32_16x6 16 6 48 391 139 4.04476748396e-05
fma_mmm_f32_16x5 16 5 48 391 139 4.13616182117e-05
fma_mmm_f32_24x4 24 4 48 391 139 4.26925394894e-05
fma_mmm_f32_8x8 8 8 48 391 139 5.07020262083e-05
fma_mmm_f32_32x3 32 3 48 391 139 6.25360234277e-05
fma_mmm_f32_40x2 40 2 48 391 139 9.91502327473e-05
fma_mmm_f32_64x1 64 1 48 391 139 0.000133779033155
fma_mmm_f32_32x1 32 1 48 391 139 0.000136511202963
fma_mmm_f32_16x6 16 6 14 415 148 1.55185411129e-05
fma_mmm_f32_16x5 16 5 14 415 148 1.58946631559e-05
fma_mmm_f32_8x8 8 8 14 415 148 1.96912122817e-05
fma_mmm_f32_24x4 24 4 14 415 148 2.14322488224e-05
fma_mmm_f32_32x3 32 3 14 415 148 3.03225819912e-05
fma_mmm_f32_40x2 40 2 14 415 148 4.34166402439e-05
fma_mmm_f32_32x1 32 1 14 415 148 6.50947562135e-05
fma_mmm_f32_64x1 64 1 14 415 148 0.000117027747093
fma_mmm_f32_16x6 16 6 321 122 29 2.10723835743e-05
fma_mmm_f32_16x5 16 5 321 122 29 2.12708102352e-05
fma_mmm_f32_32x3 32 3 321 122 29 2.32008467638e-05
fma_mmm_f32_24x4 24 4 321 122 29 2.33834886051e-05
fma_mmm_f32_40x2 40 2 321 122 29 2.62734041391e-05
fma_mmm_f32_8x8 8 8 321 122 29 2.68982115486e-05
fma_mmm_f32_32x1 32 1 321 122 29 4.28088103004e-05
fma_mmm_f32_64x1 64 1 321 122 29 5.22337196939e-05
fma_mmm_f32_16x6 16 6 122 81 119 2.29125638698e-05
fma_mmm_f32_16x5 16 5 122 81 119 2.32242593023e-05
fma_mmm_f32_32x3 32 3 122 81 119 2.49286360709e-05
fma_mmm_f32_24x4 24 4 122 81 119 2.51017036541e-05
fma_mmm_f32_8x8 8 8 122 81 119 2.89223474943e-05
fma_mmm_f32_40x2 40 2 122 81 119 2.99726693401e-05
fma_mmm_f32_64x1 64 1 122 81 119 4.27235318206e-05
fma_mmm_f32_32x1 32 1 122 81 119 4.7563735068e-05
fma_mmm_f32_16x6 16 6 83 220 59 1.91014468939e-05
fma_mmm_f32_24x4 24 4 83 220 59 1.93241791908e-05
fma_mmm_f32_16x5 16 5 83 220 59 1.94525972831e-05
fma_mmm_f32_32x3 32 3 83 220 59 2.10713032461e-05
fma_mmm_f32_8x8 8 8 83 220 59 2.39132575937e-05
fma_mmm_f32_40x2 40 2 83 220 59 3.06257548473e-05
fma_mmm_f32_32x1 32 1 83 220 59 4.11108093119e-05
fma_mmm_f32_64x1 64 1 83 220 59 5.54315470076e-05
fma_mmm_f32_16x6 16 6 155 59 236 4.56614998992e-05
fma_mmm_f32_24x4 24 4 155 59 236 4.64888418105e-05
fma_mmm_f32_16x5 16 5 155 59 236 4.65131538162e-05
fma_mmm_f32_32x3 32 3 155 59 236 4.98032772561e-05
fma_mmm_f32_40x2 40 2 155 59 236 5.53710291228e-05
fma_mmm_f32_8x8 8 8 155 59 236 5.59871711477e-05
fma_mmm_f32_64x1 64 1 155 59 236 8.51489007647e-05
fma_mmm_f32_32x1 32 1 155 59 236 9.57768747954e-05
fma_mmm_f32_16x5 16 5 14 152 186 8.25370217485e-06
fma_mmm_f32_16x6 16 6 14 152 186 8.25694095363e-06
fma_mmm_f32_8x8 8 8 14 152 186 9.9044957258e-06
fma_mmm_f32_24x4 24 4 14 152 186 1.11852084227e-05
fma_mmm_f32_32x3 32 3 14 152 186 1.5260322982e-05
fma_mmm_f32_40x2 40 2 14 152 186 1.98287078811e-05
fma_mmm_f32_32x1 32 1 14 152 186 3.21360438995e-05
fma_mmm_f32_64x1 64 1 14 152 186 5.91937915663e-05
fma_mmm_f32_24x4 24 4 17 389 55 7.75440253672e-06
fma_mmm_f32_8x8 8 8 17 389 55 9.74601321898e-06
fma_mmm_f32_16x5 16 5 17 389 55 1.03223151114e-05
fma_mmm_f32_16x6 16 6 17 389 55 1.08492080291e-05
fma_mmm_f32_32x3 32 3 17 389 55 1.10550942394e-05
fma_mmm_f32_40x2 40 2 17 389 55 1.57687478552e-05
fma_mmm_f32_32x1 32 1 17 389 55 2.36907753328e-05
fma_mmm_f32_64x1 64 1 17 389 55 4.31510162585e-05
fma_mmm_f32_32x3 32 3 100 463 3 3.56444374789e-06
fma_mmm_f32_24x4 24 4 100 463 3 4.21687891636e-06
fma_mmm_f32_16x5 16 5 100 463 3 4.72758115911e-06
fma_mmm_f32_16x6 16 6 100 463 3 5.31341541468e-06
fma_mmm_f32_40x2 40 2 100 463 3 5.64056741271e-06
fma_mmm_f32_8x8 8 8 100 463 3 7.42171199018e-06
fma_mmm_f32_64x1 64 1 100 463 3 7.99045773092e-06
fma_mmm_f32_32x1 32 1 100 463 3 8.2730556068e-06
fma_mmm_f32_16x6 16 6 93 49 373 3.96558386454e-05
fma_mmm_f32_24x4 24 4 93 49 373 3.98670056889e-05
fma_mmm_f32_16x5 16 5 93 49 373 4.00895316823e-05
fma_mmm_f32_32x3 32 3 93 49 373 4.48278391256e-05
fma_mmm_f32_8x8 8 8 93 49 373 4.70746870144e-05
fma_mmm_f32_40x2 40 2 93 49 373 5.38940398579e-05
fma_mmm_f32_64x1 64 1 93 49 373 8.03964819804e-05
fma_mmm_f32_32x1 32 1 93 49 373 8.5961605558e-05
fma_mmm_f32_8x8 8 8 7 453 303 2.27165521195e-05
fma_mmm_f32_16x6 16 6 7 453 303 3.36684840951e-05
fma_mmm_f32_16x5 16 5 7 453 303 3.40644578301e-05
fma_mmm_f32_24x4 24 4 7 453 303 4.69516820455e-05
fma_mmm_f32_32x3 32 3 7 453 303 6.47374497423e-05
fma_mmm_f32_40x2 40 2 7 453 303 9.3877752703e-05
fma_mmm_f32_32x1 32 1 7 453 303 0.000144810397496
fma_mmm_f32_64x1 64 1 7 453 303 0.000255711386588
fma_mmm_f32_8x8 8 8 8 341 494 2.71531420677e-05
fma_mmm_f32_16x5 16 5 8 341 494 4.16788395446e-05
fma_mmm_f32_16x6 16 6 8 341 494 4.21615430983e-05
fma_mmm_f32_24x4 24 4 8 341 494 5.96376049126e-05
fma_mmm_f32_32x3 32 3 8 341 494 8.38431837991e-05
fma_mmm_f32_40x2 40 2 8 341 494 0.00011901447193
fma_mmm_f32_32x1 32 1 8 341 494 0.000178866678656
fma_mmm_f32_64x1 64 1 8 341 494 0.00033140746431
fma_mmm_f32_16x6 16 6 59 295 172 4.96387878079e-05
fma_mmm_f32_16x5 16 5 59 295 172 5.17001714357e-05
fma_mmm_f32_32x3 32 3 59 295 172 5.55712075212e-05
fma_mmm_f32_24x4 24 4 59 295 172 5.72387613108e-05
fma_mmm_f32_8x8 8 8 59 295 172 6.31202571985e-05
fma_mmm_f32_40x2 40 2 59 295 172 8.25850719697e-05
fma_mmm_f32_64x1 64 1 59 295 172 0.000115094063727
fma_mmm_f32_32x1 32 1 59 295 172 0.000118602999519
fma_mmm_f32_16x6 16 6 265 9 451 7.16933333333e-05
fma_mmm_f32_16x5 16 5 265 9 451 7.2456482305e-05
fma_mmm_f32_24x4 24 4 265 9 451 7.48878134041e-05
fma_mmm_f32_32x3 32 3 265 9 451 7.97513855688e-05
fma_mmm_f32_8x8 8 8 265 9 451 8.22336341598e-05
fma_mmm_f32_40x2 40 2 265 9 451 8.88071551587e-05
fma_mmm_f32_64x1 64 1 265 9 451 0.000106202937937
fma_mmm_f32_32x1 32 1 265 9 451 0.000133777898034
fma_mmm_f32_16x6 16 6 107 223 148 5.76554038784e-05
fma_mmm_f32_16x5 16 5 107 223 148 5.91362041791e-05
fma_mmm_f32_24x4 24 4 107 223 148 6.2286961952e-05
fma_mmm_f32_8x8 8 8 107 223 148 7.29877186851e-05
fma_mmm_f32_32x3 32 3 107 223 148 7.41975947478e-05
fma_mmm_f32_40x2 40 2 107 223 148 8.18971041466e-05
fma_mmm_f32_32x1 32 1 107 223 148 0.000155055604759
fma_mmm_f32_64x1 64 1 107 223 148 0.000172000079842
fma_mmm_f32_16x6 16 6 51 307 62 1.90268942521e-05
fma_mmm_f32_16x5 16 5 51 307 62 1.9273747192e-05
fma_mmm_f32_32x3 32 3 51 307 62 1.99950658526e-05
fma_mmm_f32_8x8 8 8 51 307 62 2.08893977686e-05
fma_mmm_f32_24x4 24 4 51 307 62 2.13277823657e-05
fma_mmm_f32_40x2 40 2 51 307 62 2.8397042501e-05
fma_mmm_f32_64x1 64 1 51 307 62 4.18529380411e-05
fma_mmm_f32_32x1 32 1 51 307 62 4.30837218523e-05
fma_mmm_f32_16x6 16 6 193 34 405 7.32722860127e-05
fma_mmm_f32_16x5 16 5 193 34 405 7.51170533063e-05
fma_mmm_f32_24x4 24 4 193 34 405 7.60045077594e-05
fma_mmm_f32_32x3 32 3 193 34 405 8.00665422326e-05
fma_mmm_f32_8x8 8 8 193 34 405 8.51088425818e-05
fma_mmm_f32_40x2 40 2 193 34 405 8.87287083006e-05
fma_mmm_f32_64x1 64 1 193 34 405 0.000113980289251
fma_mmm_f32_32x1 32 1 193 34 405 0.000143338742913
fma_mmm_f32_16x5 16 5 58 221 43 1.00273992404e-05
fma_mmm_f32_16x6 16 6 58 221 43 1.04165156928e-05
fma_mmm_f32_24x4 24 4 58 221 43 1.07392962519e-05
fma_mmm_f32_32x3 32 3 58 221 43 1.09650268109e-05
fma_mmm_f32_8x8 8 8 58 221 43 1.31091477355e-05
fma_mmm_f32_40x2 40 2 58 221 43 1.52953228426e-05
fma_mmm_f32_32x1 32 1 58 221 43 2.16900387388e-05
fma_mmm_f32_64x1 64 1 58 221 43 2.32794967124e-05
fma_mmm_f32_16x6 16 6 148 74 331 7.40208909361e-05
fma_mmm_f32_16x5 16 5 148 74 331 7.47231744186e-05
fma_mmm_f32_24x4 24 4 148 74 331 7.64681326007e-05
fma_mmm_f32_32x3 32 3 148 74 331 7.81666345144e-05
fma_mmm_f32_40x2 40 2 148 74 331 8.58859967301e-05
fma_mmm_f32_8x8 8 8 148 74 331 8.82007136609e-05
fma_mmm_f32_64x1 64 1 148 74 331 0.000133151951531
fma_mmm_f32_32x1 32 1 148 74 331 0.000151286901593
fma_mmm_f32_16x6 16 6 197 76 226 6.66382406743e-05
fma_mmm_f32_16x5 16 5 197 76 226 6.84269178544e-05
fma_mmm_f32_24x4 24 4 197 76 226 6.99338508973e-05
fma_mmm_f32_32x3 32 3 197 76 226 7.42209278028e-05
fma_mmm_f32_40x2 40 2 197 76 226 7.73923577688e-05
fma_mmm_f32_8x8 8 8 197 76 226 8.31972956888e-05
fma_mmm_f32_64x1 64 1 197 76 226 0.000121070406313
fma_mmm_f32_32x1 32 1 197 76 226 0.000139481935637
fma_mmm_f32_24x4 24 4 455 56 143 7.85260493499e-05
fma_mmm_f32_16x6 16 6 455 56 143 7.88993555377e-05
fma_mmm_f32_16x5 16 5 455 56 143 8.14896372715e-05
fma_mmm_f32_32x3 32 3 455 56 143 8.49096476844e-05
fma_mmm_f32_40x2 40 2 455 56 143 9.10856464646e-05
fma_mmm_f32_8x8 8 8 455 56 143 9.37713143868e-05
fma_mmm_f32_64x1 64 1 455 56 143 0.000122097007685
fma_mmm_f32_32x1 32 1 455 56 143 0.000152449084615
fma_mmm_f32_16x6 16 6 107 279 70 3.39342042914e-05
fma_mmm_f32_16x5 16 5 107 279 70 3.39574808673e-05
fma_mmm_f32_24x4 24 4 107 279 70 3.83740908235e-05
fma_mmm_f32_8x8 8 8 107 279 70 4.2682729566e-05
fma_mmm_f32_32x3 32 3 107 279 70 4.41229028593e-05
fma_mmm_f32_40x2 40 2 107 279 70 5.03133088432e-05
fma_mmm_f32_32x1 32 1 107 279 70 9.17302630426e-05
fma_mmm_f32_64x1 64 1 107 279 70 9.30185039032e-05
fma_mmm_f32_16x6 16 6 505 156 6 8.80606986678e-06
fma_mmm_f32_32x3 32 3 505 156 6 9.34482568435e-06
fma_mmm_f32_40x2 40 2 505 156 6 1.02031592933e-05
fma_mmm_f32_24x4 24 4 505 156 6 1.2491201785e-05
fma_mmm_f32_8x8 8 8 505 156 6 1.46439247923e-05
fma_mmm_f32_16x5 16 5 505 156 6 1.49404151314e-05
fma_mmm_f32_32x1 32 1 505 156 6 1.84825058112e-05
fma_mmm_f32_64x1 64 1 505 156 6 2.14461989404e-05
fma_mmm_f32_8x8 8 8 8 151 184 4.58307928084e-06
fma_mmm_f32_16x5 16 5 8 151 184 7.57505479532e-06
fma_mmm_f32_16x6 16 6 8 151 184 7.85551321298e-06
fma_mmm_f32_24x4 24 4 8 151 184 1.04704296207e-05
fma_mmm_f32_32x3 32 3 8 151 184 1.44336048672e-05
fma_mmm_f32_40x2 40 2 8 151 184 1.89943646019e-05
fma_mmm_f32_32x1 32 1 8 151 184 2.96514307603e-05
fma_mmm_f32_64x1 64 1 8 151 184 5.747812612e-05
fma_mmm_f32_24x4 24 4 230 334 31 4.57315189535e-05
fma_mmm_f32_16x5 16 5 230 334 31 4.67966161123e-05
fma_mmm_f32_8x8 8 8 230 334 31 4.74936006865e-05
fma_mmm_f32_16x6 16 6 230 334 31 4.82034742925e-05
fma_mmm_f32_32x3 32 3 230 334 31 6.58338488094e-05
fma_mmm_f32_40x2 40 2 230 334 31 7.84723906197e-05
fma_mmm_f32_64x1 64 1 230 334 31 0.000145074597347
fma_mmm_f32_32x1 32 1 230 334 31 0.000151411767169
fma_mmm_f32_16x6 16 6 10 436 445 4.84077636335e-05
fma_mmm_f32_16x5 16 5 10 436 445 4.85059838355e-05
fma_mmm_f32_8x8 8 8 10 436 445 6.03653224417e-05
fma_mmm_f32_24x4 24 4 10 436 445 6.72881815789e-05
fma_mmm_f32_32x3 32 3 10 436 445 9.52068038318e-05
fma_mmm_f32_40x2 40 2 10 436 445 0.000135028527181
fma_mmm_f32_32x1 32 1 10 436 445 0.000202198363636
fma_mmm_f32_64x1 64 1 10 436 445 0.000380156789849
fma_mmm_f32_24x4 24 4 483 226 16 3.28813197151e-05
fma_mmm_f32_16x6 16 6 483 226 16 3.31796376768e-05
fma_mmm_f32_8x8 8 8 483 226 16 3.41544003206e-05
fma_mmm_f32_16x5 16 5 483 226 16 3.67750162756e-05
fma_mmm_f32_32x3 32 3 483 226 16 4.3559488447e-05
fma_mmm_f32_40x2 40 2 483 226 16 4.98310218539e-05
fma_mmm_f32_32x1 32 1 483 226 16 8.49841241061e-05
fma_mmm_f32_64x1 64 1 483 226 16 0.000111292905618
fma_mmm_f32_16x6 16 6 43 250 137 2.50966252373e-05
fma_mmm_f32_16x5 16 5 43 250 137 2.58429238229e-05
fma_mmm_f32_24x4 24 4 43 250 137 2.60292492088e-05
fma_mmm_f32_8x8 8 8 43 250 137 3.29629924399e-05
fma_mmm_f32_32x3 32 3 43 250 137 3.52936891808e-05
fma_mmm_f32_40x2 40 2 43 250 137 5.17223386818e-05
fma_mmm_f32_32x1 32 1 43 250 137 7.32055456419e-05
fma_mmm_f32_64x1 64 1 43 250 137 7.46654029428e-05
fma_mmm_f32_16x6 16 6 252 78 128 4.90685668595e-05
fma_mmm_f32_24x4 24 4 252 78 128 4.91896786535e-05
fma_mmm_f32_16x5 16 5 252 78 128 4.95758698437e-05
fma_mmm_f32_32x3 32 3 252 78 128 5.13788979021e-05
fma_mmm_f32_8x8 8 8 252 78 128 5.79475897487e-05
fma_mmm_f32_40x2 40 2 252 78 128 6.24374175e-05
fma_mmm_f32_64x1 64 1 252 78 128 9.50400999465e-05
fma_mmm_f32_32x1 32 1 252 78 128 9.59101110989e-05
fma_mmm_f32_16x5 16 5 397 68 67 3.75273867075e-05
fma_mmm_f32_24x4 24 4 397 68 67 3.75601397314e-05
fma_mmm_f32_16x6 16 6 397 68 67 3.79384534884e-05
fma_mmm_f32_32x3 32 3 397 68 67 4.04693240707e-05
fma_mmm_f32_40x2 40 2 397 68 67 4.29792587124e-05
fma_mmm_f32_8x8 8 8 397 68 67 4.61428477424e-05
fma_mmm_f32_64x1 64 1 397 68 67 6.21131891338e-05
fma_mmm_f32_32x1 32 1 397 68 67 7.39407337226e-05
fma_mmm_f32_16x6 16 6 136 238 83 4.35890127036e-05
fma_mmm_f32_24x4 24 4 136 238 83 4.46476151559e-05
fma_mmm_f32_16x5 16 5 136 238 83 4.49691852542e-05
fma_mmm_f32_32x3 32 3 136 238 83 5.45110580926e-05
fma_mmm_f32_8x8 8 8 136 238 83 5.48052035409e-05
fma_mmm_f32_40x2 40 2 136 238 83 6.56143343613e-05
fma_mmm_f32_32x1 32 1 136 238 83 0.000110487180721
fma_mmm_f32_64x1 64 1 136 238 83 0.000143736700441
fma_mmm_f32_16x6 16 6 472 306 6 1.620273936e-05
fma_mmm_f32_32x3 32 3 472 306 6 1.78701398433e-05
fma_mmm_f32_24x4 24 4 472 306 6 2.15099695656e-05
fma_mmm_f32_8x8 8 8 472 306 6 2.39544815536e-05
fma_mmm_f32_16x5 16 5 472 306 6 2.58774723517e-05
fma_mmm_f32_40x2 40 2 472 306 6 2.8498712199e-05
fma_mmm_f32_32x1 32 1 472 306 6 4.19791518468e-05
fma_mmm_f32_64x1 64 1 472 306 6 5.45208760481e-05
fma_mmm_f32_16x5 16 5 401 217 34 5.24770745706e-05
fma_mmm_f32_16x6 16 6 401 217 34 5.27860188061e-05
fma_mmm_f32_24x4 24 4 401 217 34 5.56092179436e-05
fma_mmm_f32_32x3 32 3 401 217 34 6.85348852531e-05
fma_mmm_f32_8x8 8 8 401 217 34 6.8539614531e-05
fma_mmm_f32_40x2 40 2 401 217 34 8.7281800638e-05
fma_mmm_f32_32x1 32 1 401 217 34 0.000127044055699
fma_mmm_f32_64x1 64 1 401 217 34 0.000196485722472
fma_mmm_f32_40x2 40 2 326 99 2 1.64147876111e-06
fma_mmm_f32_64x1 64 1 326 99 2 2.22241056546e-06
fma_mmm_f32_32x3 32 3 326 99 2 2.58588152089e-06
fma_mmm_f32_32x1 32 1 326 99 2 2.73166725692e-06
fma_mmm_f32_24x4 24 4 326 99 2 2.88526023674e-06
fma_mmm_f32_16x5 16 5 326 99 2 3.6514095124e-06
fma_mmm_f32_16x6 16 6 326 99 2 4.36533899989e-06
fma_mmm_f32_8x8 8 8 326 99 2 6.51230049647e-06
fma_mmm_f32_40x2 40 2 359 99 2 1.89984648892e-06
fma_mmm_f32_64x1 64 1 359 99 2 2.5755732471e-06
fma_mmm_f32_32x3 32 3 359 99 2 3.01922241959e-06
fma_mmm_f32_32x1 32 1 359 99 2 3.13775561044e-06
fma_mmm_f32_24x4 24 4 359 99 2 3.28448610252e-06
fma_mmm_f32_16x5 16 5 359 99 2 4.2059919871e-06
fma_mmm_f32_16x6 16 6 359 99 2 4.92182216676e-06
fma_mmm_f32_8x8 8 8 359 99 2 7.19542828329e-06
fma_mmm_f32_24x4 24 4 23 181 328 2.38649249993e-05
fma_mmm_f32_8x8 8 8 23 181 328 2.94566738502e-05
fma_mmm_f32_16x5 16 5 23 181 328 3.0934399525e-05
fma_mmm_f32_16x6 16 6 23 181 328 3.1153914247e-05
fma_mmm_f32_32x3 32 3 23 181 328 3.3204395098e-05
fma_mmm_f32_40x2 40 2 23 181 328 4.41405250055e-05
fma_mmm_f32_32x1 32 1 23 181 328 6.94162164216e-05
fma_mmm_f32_64x1 64 1 23 181 328 0.000126075275769
fma_mmm_f32_16x6 16 6 125 138 228 6.54219948826e-05
fma_mmm_f32_16x5 16 5 125 138 228 6.78319350302e-05
fma_mmm_f32_32x3 32 3 125 138 228 7.29319562956e-05
fma_mmm_f32_24x4 24 4 125 138 228 7.47170551912e-05
fma_mmm_f32_8x8 8 8 125 138 228 8.41266445583e-05
fma_mmm_f32_40x2 40 2 125 138 228 9.57322796591e-05
fma_mmm_f32_32x1 32 1 125 138 228 0.000142689283414
fma_mmm_f32_64x1 64 1 125 138 228 0.000154704404921
fma_mmm_f32_16x6 16 6 178 36 296 5.09683283279e-05
fma_mmm_f32_24x4 24 4 178 36 296 5.10277656743e-05
fma_mmm_f32_16x5 16 5 178 36 296 5.28835499872e-05
fma_mmm_f32_32x3 32 3 178 36 296 5.54936319444e-05
fma_mmm_f32_8x8 8 8 178 36 296 5.75387230742e-05
fma_mmm_f32_40x2 40 2 178 36 296 6.06993410637e-05
fma_mmm_f32_64x1 64 1 178 36 296 9.01636610827e-05
fma_mmm_f32_32x1 32 1 178 36 296 0.000102834671653
fma_mmm_f32_24x4 24 4 360 51 159 6.34123115754e-05
fma_mmm_f32_16x6 16 6 360 51 159 6.54709301075e-05
fma_mmm_f32_16x5 16 5 360 51 159 6.64301681599e-05
fma_mmm_f32_32x3 32 3 360 51 159 6.84231050392e-05
fma_mmm_f32_40x2 40 2 360 51 159 7.00582951196e-05
fma_mmm_f32_8x8 8 8 360 51 159 7.69588230769e-05
fma_mmm_f32_64x1 64 1 360 51 159 0.000100846207418
fma_mmm_f32_32x1 32 1 360 51 159 0.000127180680653
fma_mmm_f32_16x6 16 6 29 262 222 2.86691431665e-05
fma_mmm_f32_16x5 16 5 29 262 222 2.9471492761e-05
fma_mmm_f32_32x3 32 3 29 262 222 3.25793525461e-05
fma_mmm_f32_8x8 8 8 29 262 222 3.59638112155e-05
fma_mmm_f32_24x4 24 4 29 262 222 4.18155829832e-05
fma_mmm_f32_40x2 40 2 29 262 222 4.65203557113e-05
fma_mmm_f32_32x1 32 1 29 262 222 6.9809755e-05
fma_mmm_f32_64x1 64 1 29 262 222 0.00012071620202
fma_mmm_f32_16x6 16 6 153 250 51 3.29743680437e-05
fma_mmm_f32_16x5 16 5 153 250 51 3.39923268629e-05
fma_mmm_f32_24x4 24 4 153 250 51 3.43807174173e-05
fma_mmm_f32_32x3 32 3 153 250 51 3.57626120129e-05
fma_mmm_f32_8x8 8 8 153 250 51 4.25560346058e-05
fma_mmm_f32_40x2 40 2 153 250 51 4.41420597427e-05
fma_mmm_f32_32x1 32 1 153 250 51 7.35680636852e-05
fma_mmm_f32_64x1 64 1 153 250 51 9.75188983202e-05
fma_mmm_f32_16x6 16 6 445 91 63 4.91895507031e-05
fma_mmm_f32_24x4 24 4 445 91 63 4.92992245821e-05
fma_mmm_f32_16x5 16 5 445 91 63 4.97534132784e-05
fma_mmm_f32_32x3 32 3 445 91 63 5.08985475093e-05
fma_mmm_f32_8x8 8 8 445 91 63 5.76490128473e-05
fma_mmm_f32_40x2 40 2 445 91 63 6.20070300091e-05
fma_mmm_f32_64x1 64 1 445 91 63 9.52306518692e-05
fma_mmm_f32_32x1 32 1 445 91 63 9.58025715564e-05
fma_mmm_f32_16x6 16 6 164 22 390 4.85495271129e-05
fma_mmm_f32_24x4 24 4 164 22 390 4.95191398365e-05
fma_mmm_f32_16x5 16 5 164 22 390 5.01952879029e-05
fma_mmm_f32_32x3 32 3 164 22 390 5.45816789314e-05
fma_mmm_f32_8x8 8 8 164 22 390 5.55669858567e-05
fma_mmm_f32_40x2 40 2 164 22 390 6.18042344352e-05
fma_mmm_f32_64x1 64 1 164 22 390 8.84747713086e-05
fma_mmm_f32_32x1 32 1 164 22 390 9.91239631579e-05
fma_mmm_f32_24x4 24 4 303 56 7 3.31372322009e-06
fma_mmm_f32_40x2 40 2 303 56 7 3.6937391651e-06
fma_mmm_f32_32x3 32 3 303 56 7 3.72046954479e-06
fma_mmm_f32_64x1 64 1 303 56 7 4.06010254518e-06
fma_mmm_f32_16x5 16 5 303 56 7 4.08879185965e-06
fma_mmm_f32_8x8 8 8 303 56 7 4.45576253141e-06
fma_mmm_f32_16x6 16 6 303 56 7 4.81253738182e-06
fma_mmm_f32_32x1 32 1 303 56 7 5.08100609756e-06
fma_mmm_f32_16x6 16 6 235 20 235 3.96907683146e-05
fma_mmm_f32_16x5 16 5 235 20 235 3.99913450245e-05
fma_mmm_f32_24x4 24 4 235 20 235 4.05334337354e-05
fma_mmm_f32_32x3 32 3 235 20 235 4.25980733528e-05
fma_mmm_f32_8x8 8 8 235 20 235 4.63495503687e-05
fma_mmm_f32_40x2 40 2 235 20 235 5.01354827363e-05
fma_mmm_f32_64x1 64 1 235 20 235 6.52779221159e-05
fma_mmm_f32_32x1 32 1 235 20 235 7.75046284007e-05
fma_mmm_f32_16x6 16 6 93 87 330 4.96547790592e-05
fma_mmm_f32_16x5 16 5 93 87 330 5.03411688913e-05
fma_mmm_f32_24x4 24 4 93 87 330 5.07044082319e-05
fma_mmm_f32_32x3 32 3 93 87 330 5.51421989664e-05
fma_mmm_f32_8x8 8 8 93 87 330 6.29198358978e-05
fma_mmm_f32_40x2 40 2 93 87 330 6.83958029075e-05
fma_mmm_f32_32x1 32 1 93 87 330 0.000109562961655
fma_mmm_f32_64x1 64 1 93 87 330 0.000112325672588
fma_mmm_f32_16x5 16 5 34 8 130 3.33688346596e-06
fma_mmm_f32_24x4 24 4 34 8 130 3.39293369928e-06
fma_mmm_f32_16x6 16 6 34 8 130 3.5851090257e-06
fma_mmm_f32_8x8 8 8 34 8 130 3.6152724213e-06
fma_mmm_f32_32x3 32 3 34 8 130 4.02676181708e-06
fma_mmm_f32_40x2 40 2 34 8 130 6.82537967687e-06
fma_mmm_f32_32x1 32 1 34 8 130 8.50818999787e-06
fma_mmm_f32_64x1 64 1 34 8 130 1.14815681087e-05
fma_mmm_f32_16x6 16 6 48 7 420 9.71204098021e-06
fma_mmm_f32_16x5 16 5 48 7 420 1.04438346408e-05
fma_mmm_f32_24x4 24 4 48 7 420 1.06956226264e-05
fma_mmm_f32_8x8 8 8 48 7 420 1.22489918715e-05
fma_mmm_f32_32x3 32 3 48 7 420 1.68262981671e-05
fma_mmm_f32_40x2 40 2 48 7 420 2.02427679701e-05
fma_mmm_f32_32x1 32 1 48 7 420 3.68970844397e-05
fma_mmm_f32_64x1 64 1 48 7 420 4.8614555868e-05
fma_mmm_f32_24x4 24 4 390 31 176 5.95785720972e-05
fma_mmm_f32_16x6 16 6 390 31 176 6.02126013709e-05
fma_mmm_f32_32x3 32 3 390 31 176 6.06789825295e-05
fma_mmm_f32_16x5 16 5 390 31 176 6.43904785739e-05
fma_mmm_f32_40x2 40 2 390 31 176 6.65527160235e-05
fma_mmm_f32_8x8 8 8 390 31 176 6.68528959032e-05
fma_mmm_f32_64x1 64 1 390 31 176 8.47455824561e-05
fma_mmm_f32_32x1 32 1 390 31 176 0.00011250210936
fma_mmm_f32_16x6 16 6 479 39 196 8.91050611345e-05
fma_mmm_f32_24x4 24 4 479 39 196 9.19087761369e-05
fma_mmm_f32_16x5 16 5 479 39 196 9.36268753724e-05
fma_mmm_f32_32x3 32 3 479 39 196 0.000100314194907
fma_mmm_f32_8x8 8 8 479 39 196 0.0001066450888
fma_mmm_f32_40x2 40 2 479 39 196 0.000107063647737
fma_mmm_f32_64x1 64 1 479 39 196 0.000137641330074
fma_mmm_f32_32x1 32 1 479 39 196 0.000182752081262
fma_mmm_f32_16x6 16 6 92 130 245 5.15566877148e-05
fma_mmm_f32_16x5 16 5 92 130 245 5.22353250249e-05
fma_mmm_f32_24x4 24 4 92 130 245 5.31558835271e-05
fma_mmm_f32_32x3 32 3 92 130 245 5.74317902305e-05
fma_mmm_f32_8x8 8 8 92 130 245 6.49530297023e-05
fma_mmm_f32_40x2 40 2 92 130 245 7.25513622767e-05
fma_mmm_f32_32x1 32 1 92 130 245 0.000111934767714
fma_mmm_f32_64x1 64 1 92 130 245 0.000145533995648
fma_mmm_f32_16x6 16 6 298 6 511 9.33752885006e-05
fma_mmm_f32_8x8 8 8 298 6 511 9.83244427943e-05
fma_mmm_f32_16x5 16 5 298 6 511 0.000101597674583
fma_mmm_f32_24x4 24 4 298 6 511 0.000123530599369
fma_mmm_f32_32x3 32 3 298 6 511 0.000138710081962
fma_mmm_f32_40x2 40 2 298 6 511 0.00015721718092
fma_mmm_f32_32x1 32 1 298 6 511 0.000215630995294
fma_mmm_f32_64x1 64 1 298 6 511 0.000237463823858
fma_mmm_f32_16x6 16 6 28 131 486 3.58609546841e-05
fma_mmm_f32_16x5 16 5 28 131 486 3.66165520622e-05
fma_mmm_f32_32x3 32 3 28 131 486 4.12719037847e-05
fma_mmm_f32_8x8 8 8 28 131 486 4.34277907181e-05
fma_mmm_f32_24x4 24 4 28 131 486 4.99448930102e-05
fma_mmm_f32_40x2 40 2 28 131 486 5.34792742568e-05
fma_mmm_f32_32x1 32 1 28 131 486 8.61044679673e-05
fma_mmm_f32_64x1 64 1 28 131 486 0.000141087415598
fma_mmm_f32_16x6 16 6 111 426 76 5.83425520602e-05
fma_mmm_f32_16x5 16 5 111 426 76 6.27340708033e-05
fma_mmm_f32_24x4 24 4 111 426 76 6.88769757576e-05
fma_mmm_f32_8x8 8 8 111 426 76 7.30171375165e-05
fma_mmm_f32_32x3 32 3 111 426 76 8.7180787773e-05
fma_mmm_f32_40x2 40 2 111 426 76 9.6069702617e-05
fma_mmm_f32_64x1 64 1 111 426 76 0.000179963964
fma_mmm_f32_32x1 32 1 111 426 76 0.000189858409593
fma_mmm_f32_16x6 16 6 50 140 114 1.62555632918e-05
fma_mmm_f32_16x5 16 5 50 140 114 1.68424875441e-05
fma_mmm_f32_32x3 32 3 50 140 114 1.81172881349e-05
fma_mmm_f32_24x4 24 4 50 140 114 1.87613676266e-05
fma_mmm_f32_8x8 8 8 50 140 114 1.92492639088e-05
fma_mmm_f32_40x2 40 2 50 140 114 2.41034456935e-05
fma_mmm_f32_32x1 32 1 50 140 114 3.67136239164e-05
fma_mmm_f32_64x1 64 1 50 140 114 4.2329565125e-05
fma_mmm_f32_24x4 24 4 144 230 56 2.85355643489e-05
fma_mmm_f32_16x6 16 6 144 230 56 2.99816926074e-05
fma_mmm_f32_16x5 16 5 144 230 56 3.05774832871e-05
fma_mmm_f32_8x8 8 8 144 230 56 3.5120124053e-05
fma_mmm_f32_32x3 32 3 144 230 56 3.68060491004e-05
fma_mmm_f32_40x2 40 2 144 230 56 4.39238196272e-05
fma_mmm_f32_32x1 32 1 144 230 56 7.30053422181e-05
fma_mmm_f32_64x1 64 1 144 230 56 9.51258043884e-05
fma_mmm_f32_16x6 16 6 341 35 194 6.09943875256e-05
fma_mmm_f32_16x5 16 5 341 35 194 6.23387396263e-05
fma_mmm_f32_24x4 24 4 341 35 194 6.35096833802e-05
fma_mmm_f32_32x3 32 3 341 35 194 6.46747112214e-05
fma_mmm_f32_40x2 40 2 341 35 194 7.17409716615e-05
fma_mmm_f32_8x8 8 8 341 35 194 7.23627735299e-05
fma_mmm_f32_64x1 64 1 341 35 194 9.44176708886e-05
fma_mmm_f32_32x1 32 1 341 35 194 0.00012027255537
fma_mmm_f32_16x6 16 6 64 143 347 5.06487914385e-05
fma_mmm_f32_16x5 16 5 64 143 347 5.25847615901e-05
fma_mmm_f32_32x3 32 3 64 143 347 5.31283435418e-05
fma_mmm_f32_24x4 24 4 64 143 347 5.96665041168e-05
fma_mmm_f32_8x8 8 8 64 143 347 6.53483480392e-05
fma_mmm_f32_40x2 40 2 64 143 347 7.72690439276e-05
fma_mmm_f32_32x1 32 1 64 143 347 0.000101287018872
fma_mmm_f32_64x1 64 1 64 143 347 0.000105479088115
fma_mmm_f32_16x6 16 6 145 91 214 5.49039506141e-05
fma_mmm_f32_16x5 16 5 145 91 214 5.55942108628e-05
fma_mmm_f32_32x3 32 3 145 91 214 5.85344195402e-05
fma_mmm_f32_24x4 24 4 145 91 214 5.91086810755e-05
fma_mmm_f32_40x2 40 2 145 91 214 6.40160152683e-05
fma_mmm_f32_8x8 8 8 145 91 214 6.53035910264e-05
fma_mmm_f32_64x1 64 1 145 91 214 0.000105604632814
fma_mmm_f32_32x1 32 1 145 91 214 0.000112667161267
fma_mmm_f32_16x6 16 6 49 149 506 7.75234827615e-05
fma_mmm_f32_16x5 16 5 49 149 506 7.87672401022e-05
fma_mmm_f32_32x3 32 3 49 149 506 8.29323121032e-05
fma_mmm_f32_24x4 24 4 49 149 506 8.67121044478e-05
fma_mmm_f32_8x8 8 8 49 149 506 8.68812124357e-05
fma_mmm_f32_40x2 40 2 49 149 506 0.00011148432848
fma_mmm_f32_32x1 32 1 49 149 506 0.000170385657806
fma_mmm_f32_64x1 64 1 49 149 506 0.000193164117761
fma_mmm_f32_16x6 16 6 233 135 36 1.87540380863e-05
fma_mmm_f32_24x4 24 4 233 135 36 1.96684598194e-05
fma_mmm_f32_32x3 32 3 233 135 36 2.16416425023e-05
fma_mmm_f32_16x5 16 5 233 135 36 2.20671956715e-05
fma_mmm_f32_40x2 40 2 233 135 36 2.39738748348e-05
fma_mmm_f32_8x8 8 8 233 135 36 2.65867020789e-05
fma_mmm_f32_32x1 32 1 233 135 36 4.35442031979e-05
fma_mmm_f32_64x1 64 1 233 135 36 4.99664131153e-05
fma_mmm_f32_16x6 16 6 105 163 167 4.83516734026e-05
fma_mmm_f32_16x5 16 5 105 163 167 4.98714643516e-05
fma_mmm_f32_24x4 24 4 105 163 167 5.23496373684e-05
fma_mmm_f32_32x3 32 3 105 163 167 5.81650294834e-05
fma_mmm_f32_8x8 8 8 105 163 167 6.10917694352e-05
fma_mmm_f32_40x2 40 2 105 163 167 6.2847543474e-05
fma_mmm_f32_32x1 32 1 105 163 167 0.000113112715404
fma_mmm_f32_64x1 64 1 105 163 167 0.000125580030562
fma_mmm_f32_16x5 16 5 53 46 118 8.03634620147e-06
fma_mmm_f32_16x6 16 6 53 46 118 8.049354702e-06
fma_mmm_f32_24x4 24 4 53 46 118 8.39780131704e-06
fma_mmm_f32_8x8 8 8 53 46 118 8.55075047112e-06
fma_mmm_f32_32x3 32 3 53 46 118 8.88755232959e-06
fma_mmm_f32_40x2 40 2 53 46 118 1.0808922258e-05
fma_mmm_f32_32x1 32 1 53 46 118 1.77451186991e-05
fma_mmm_f32_64x1 64 1 53 46 118 1.88685797166e-05
fma_mmm_f32_24x4 24 4 247 50 103 2.95111399122e-05
fma_mmm_f32_16x6 16 6 247 50 103 2.9565020188e-05
fma_mmm_f32_16x5 16 5 247 50 103 2.96270051677e-05
fma_mmm_f32_32x3 32 3 247 50 103 3.06972131205e-05
fma_mmm_f32_8x8 8 8 247 50 103 3.37239017791e-05
fma_mmm_f32_40x2 40 2 247 50 103 3.47885021723e-05
fma_mmm_f32_64x1 64 1 247 50 103 4.81837527305e-05
fma_mmm_f32_32x1 32 1 247 50 103 5.6049472277e-05
fma_mmm_f32_8x8 8 8 483 478 16 7.10048367867e-05
fma_mmm_f32_16x6 16 6 483 478 16 7.24773049178e-05
fma_mmm_f32_24x4 24 4 483 478 16 7.9204198082e-05
fma_mmm_f32_16x5 16 5 483 478 16 8.22488974538e-05
fma_mmm_f32_32x3 32 3 483 478 16 0.000106822405098
fma_mmm_f32_40x2 40 2 483 478 16 0.000129225618421
fma_mmm_f32_64x1 64 1 483 478 16 0.000233478572432
fma_mmm_f32_32x1 32 1 483 478 16 0.000238228078591
fma_mmm_f32_16x6 16 6 408 15 190 4.99485303313e-05
fma_mmm_f32_24x4 24 4 408 15 190 5.12156213131e-05
fma_mmm_f32_16x5 16 5 408 15 190 5.15846879645e-05
fma_mmm_f32_32x3 32 3 408 15 190 5.69744134908e-05
fma_mmm_f32_8x8 8 8 408 15 190 5.69972397107e-05
fma_mmm_f32_40x2 40 2 408 15 190 6.05843125869e-05
fma_mmm_f32_64x1 64 1 408 15 190 7.71409791994e-05
fma_mmm_f32_32x1 32 1 408 15 190 9.63749043139e-05
fma_mmm_f32_24x4 24 4 23 61 366 1.31731018401e-05
fma_mmm_f32_8x8 8 8 23 61 366 1.43830680395e-05
fma_mmm_f32_16x5 16 5 23 61 366 1.52273875897e-05
fma_mmm_f32_16x6 16 6 23 61 366 1.53347816464e-05
fma_mmm_f32_32x3 32 3 23 61 366 1.79005912466e-05
fma_mmm_f32_40x2 40 2 23 61 366 2.42244199277e-05
fma_mmm_f32_32x1 32 1 23 61 366 4.10249884634e-05
fma_mmm_f32_64x1 64 1 23 61 366 4.51914282086e-05
fma_mmm_f32_16x6 16 6 417 123 17 1.82099002741e-05
fma_mmm_f32_24x4 24 4 417 123 17 1.91984897839e-05
fma_mmm_f32_32x3 32 3 417 123 17 1.92889681105e-05
fma_mmm_f32_16x5 16 5 417 123 17 1.98096068786e-05
fma_mmm_f32_40x2 40 2 417 123 17 2.127149352e-05
fma_mmm_f32_8x8 8 8 417 123 17 2.69301449431e-05
fma_mmm_f32_32x1 32 1 417 123 17 3.49413451065e-05
fma_mmm_f32_64x1 64 1 417 123 17 4.12612136034e-05
fma_mmm_f32_16x6 16 6 324 28 6 1.67269935543e-06
fma_mmm_f32_32x3 32 3 324 28 6 1.77413916686e-06
fma_mmm_f32_40x2 40 2 324 28 6 1.89978455345e-06
fma_mmm_f32_64x1 64 1 324 28 6 2.43404949702e-06
fma_mmm_f32_24x4 24 4 324 28 6 2.52597424056e-06
fma_mmm_f32_32x1 32 1 324 28 6 3.1735445143e-06
fma_mmm_f32_16x5 16 5 324 28 6 3.27058016588e-06
fma_mmm_f32_8x8 8 8 324 28 6 3.70700067791e-06
fma_mmm_f32_16x6 16 6 148 31 94 1.2705987717e-05
fma_mmm_f32_16x5 16 5 148 31 94 1.30520056332e-05
fma_mmm_f32_24x4 24 4 148 31 94 1.33476215661e-05
fma_mmm_f32_32x3 32 3 148 31 94 1.39531817996e-05
fma_mmm_f32_8x8 8 8 148 31 94 1.50647674123e-05
fma_mmm_f32_40x2 40 2 148 31 94 1.5464738516e-05
fma_mmm_f32_64x1 64 1 148 31 94 2.15386076732e-05
fma_mmm_f32_32x1 32 1 148 31 94 2.6615893757e-05
fma_mmm_f32_16x6 16 6 31 396 121 2.42025002629e-05
fma_mmm_f32_16x5 16 5 31 396 121 2.5601967159e-05
fma_mmm_f32_32x3 32 3 31 396 121 2.61870063333e-05
fma_mmm_f32_8x8 8 8 31 396 121 3.10456683758e-05
fma_mmm_f32_40x2 40 2 31 396 121 3.62430566123e-05
fma_mmm_f32_24x4 24 4 31 396 121 3.69186318149e-05
fma_mmm_f32_32x1 32 1 31 396 121 5.62495068767e-05
fma_mmm_f32_64x1 64 1 31 396 121 0.000112158836429
