armv7neon_mmm_f32_8x1_generic 8 1 1 8 1 0.0000017149175473913776
armv7neon_mmm_f32_32x1_generic 32 1 1 8 1 0.0000020378216264893323
armv7neon_mmm_f32_32x1_cortexa7 32 1 1 8 1 0.0000020486659140667756
armv7neon_mmm_f32_32x1_cortexa9 32 1 1 8 1 0.0000020694472580315123
armv7neon_mmm_f32_8x4_generic 8 4 1 8 1 0.000002331804472792346
armv7neon_mmm_f32_8x4_cortexa9 8 4 1 8 1 0.0000023579573181555937
armv7neon_mmm_f32_8x6_cortexa7 8 6 1 8 1 0.0000024746075411471323
armv7neon_mmm_f32_8x6_cortexa9 8 6 1 8 1 0.0000025113602973168963
armv7neon_mmm_f32_8x6_generic 8 6 1 8 1 0.000002698238769483183
armv7neon_mmm_f32_8x4_cortexa7 8 4 1 8 1 0.000004441368421052632
armv7neon_mmm_f32_8x1_generic 8 1 1 32 1 0.000002066961612079966
armv7neon_mmm_f32_8x4_generic 8 4 1 32 1 0.0000031110001742347073
armv7neon_mmm_f32_32x1_cortexa7 32 1 1 32 1 0.0000031674574966726464
armv7neon_mmm_f32_8x4_cortexa7 8 4 1 32 1 0.000003168550043304103
armv7neon_mmm_f32_32x1_generic 32 1 1 32 1 0.0000031882164869126468
armv7neon_mmm_f32_8x4_cortexa9 8 4 1 32 1 0.000003195327754325465
armv7neon_mmm_f32_32x1_cortexa9 32 1 1 32 1 0.0000033043142182588782
armv7neon_mmm_f32_8x6_generic 8 6 1 32 1 0.000003618378010252742
armv7neon_mmm_f32_8x6_cortexa9 8 6 1 32 1 0.0000036834801581607433
armv7neon_mmm_f32_8x6_cortexa7 8 6 1 32 1 0.0000036921539206842405
armv7neon_mmm_f32_8x1_generic 8 1 1 128 1 0.0000034054730600999778
armv7neon_mmm_f32_8x4_generic 8 4 1 128 1 0.000006242010630574569
armv7neon_mmm_f32_8x4_cortexa7 8 4 1 128 1 0.0000064490340835492234
armv7neon_mmm_f32_8x4_cortexa9 8 4 1 128 1 0.000006538814750386568
armv7neon_mmm_f32_32x1_cortexa7 32 1 1 128 1 0.000007618275252525253
armv7neon_mmm_f32_32x1_generic 32 1 1 128 1 0.000007811099125
armv7neon_mmm_f32_8x6_generic 8 6 1 128 1 0.000007943546158427635
armv7neon_mmm_f32_8x6_cortexa7 8 6 1 128 1 0.000008197163926605505
armv7neon_mmm_f32_32x1_cortexa9 32 1 1 128 1 0.000008213892925281315
armv7neon_mmm_f32_8x6_cortexa9 8 6 1 128 1 0.0000083197263986014
armv7neon_mmm_f32_8x1_generic 8 1 2 8 1 0.0000017328891635851381
armv7neon_mmm_f32_32x1_generic 32 1 2 8 1 0.0000020555957786528646
armv7neon_mmm_f32_32x1_cortexa7 32 1 2 8 1 0.000002065631871097684
armv7neon_mmm_f32_32x1_cortexa9 32 1 2 8 1 0.0000020887030406589552
armv7neon_mmm_f32_8x4_generic 8 4 2 8 1 0.0000023291265232145603
armv7neon_mmm_f32_8x4_cortexa7 8 4 2 8 1 0.000002330425865986552
armv7neon_mmm_f32_8x4_cortexa9 8 4 2 8 1 0.0000023460931604492007
armv7neon_mmm_f32_8x6_cortexa7 8 6 2 8 1 0.0000024764180276134123
armv7neon_mmm_f32_8x6_generic 8 6 2 8 1 0.000002499904814029069
armv7neon_mmm_f32_8x6_cortexa9 8 6 2 8 1 0.0000025024504568957103
armv7neon_mmm_f32_8x1_generic 8 1 2 32 1 0.0000020698674002874595
armv7neon_mmm_f32_8x4_generic 8 4 2 32 1 0.0000031208356394070904
armv7neon_mmm_f32_8x4_cortexa7 8 4 2 32 1 0.0000031604510643154706
armv7neon_mmm_f32_32x1_cortexa7 32 1 2 32 1 0.000003163223548692089
armv7neon_mmm_f32_32x1_generic 32 1 2 32 1 0.0000031842787786989797
armv7neon_mmm_f32_8x4_cortexa9 8 4 2 32 1 0.0000031865984152139453
armv7neon_mmm_f32_32x1_cortexa9 32 1 2 32 1 0.0000032941224103151235
armv7neon_mmm_f32_8x6_generic 8 6 2 32 1 0.0000035918645347446467
armv7neon_mmm_f32_8x6_cortexa7 8 6 2 32 1 0.000003631983507884916
armv7neon_mmm_f32_8x6_cortexa9 8 6 2 32 1 0.0000036631349329677027
armv7neon_mmm_f32_8x1_generic 8 1 2 128 1 0.0000034131895634133133
armv7neon_mmm_f32_8x4_generic 8 4 2 128 1 0.000006216468150896723
armv7neon_mmm_f32_8x4_cortexa7 8 4 2 128 1 0.000006407679672447014
armv7neon_mmm_f32_8x4_cortexa9 8 4 2 128 1 0.000006507101537216826
armv7neon_mmm_f32_32x1_cortexa7 32 1 2 128 1 0.000007761083472868216
armv7neon_mmm_f32_32x1_generic 32 1 2 128 1 0.000007922119080824089
armv7neon_mmm_f32_8x6_generic 8 6 2 128 1 0.000007961452056799883
armv7neon_mmm_f32_8x6_cortexa7 8 6 2 128 1 0.000008129041740548975
armv7neon_mmm_f32_32x1_cortexa9 32 1 2 128 1 0.000008260856764874142
armv7neon_mmm_f32_8x6_cortexa9 8 6 2 128 1 0.000008267916789741004
armv7neon_mmm_f32_8x1_generic 8 1 4 8 1 0.000001732081119026933
armv7neon_mmm_f32_32x1_generic 32 1 4 8 1 0.0000020756766842445113
armv7neon_mmm_f32_32x1_cortexa7 32 1 4 8 1 0.0000020893030884184307
armv7neon_mmm_f32_32x1_cortexa9 32 1 4 8 1 0.0000021042875047219307
armv7neon_mmm_f32_8x4_generic 8 4 4 8 1 0.000002325938825730994
armv7neon_mmm_f32_8x4_cortexa7 8 4 4 8 1 0.000002350773837375178
armv7neon_mmm_f32_8x4_cortexa9 8 4 4 8 1 0.000002361876777385159
armv7neon_mmm_f32_8x6_generic 8 6 4 8 1 0.00000249162164810231
armv7neon_mmm_f32_8x6_cortexa7 8 6 4 8 1 0.0000025056080485338728
armv7neon_mmm_f32_8x6_cortexa9 8 6 4 8 1 0.000002528988943751591
armv7neon_mmm_f32_8x1_generic 8 1 4 32 1 0.000002099287670891336
armv7neon_mmm_f32_8x4_generic 8 4 4 32 1 0.0000031331846941323337
armv7neon_mmm_f32_8x4_cortexa7 8 4 4 32 1 0.0000031700391821327468
armv7neon_mmm_f32_32x1_cortexa7 32 1 4 32 1 0.0000031896834730538923
armv7neon_mmm_f32_8x4_cortexa9 8 4 4 32 1 0.0000032049816720257238
armv7neon_mmm_f32_32x1_generic 32 1 4 32 1 0.0000032230777739130425
armv7neon_mmm_f32_32x1_cortexa9 32 1 4 32 1 0.00000331900357831726
armv7neon_mmm_f32_8x6_generic 8 6 4 32 1 0.0000036515339605734765
armv7neon_mmm_f32_8x6_cortexa7 8 6 4 32 1 0.000003692406912509038
armv7neon_mmm_f32_8x6_cortexa9 8 6 4 32 1 0.0000037074663789319674
armv7neon_mmm_f32_8x1_generic 8 1 4 128 1 0.000003458006920613132
armv7neon_mmm_f32_8x4_generic 8 4 4 128 1 0.000006347995470297027
armv7neon_mmm_f32_8x4_cortexa7 8 4 4 128 1 0.000006534995006535947
armv7neon_mmm_f32_8x4_cortexa9 8 4 4 128 1 0.0000066517267269931385
armv7neon_mmm_f32_32x1_cortexa7 32 1 4 128 1 0.000007811778238503506
armv7neon_mmm_f32_32x1_generic 32 1 4 128 1 0.000007910792347343377
armv7neon_mmm_f32_8x6_generic 8 6 4 128 1 0.000008028072596153845
armv7neon_mmm_f32_8x6_cortexa7 8 6 4 128 1 0.00000825995392945037
armv7neon_mmm_f32_8x6_cortexa9 8 6 4 128 1 0.000008304480894780445
armv7neon_mmm_f32_32x1_cortexa9 32 1 4 128 1 0.00000831411718828452
armv7neon_mmm_f32_8x1_generic 8 1 8 8 1 0.000001667091500839556
armv7neon_mmm_f32_32x1_generic 32 1 8 8 1 0.0000021115816911308666
armv7neon_mmm_f32_32x1_cortexa7 32 1 8 8 1 0.0000021244530488229553
armv7neon_mmm_f32_32x1_cortexa9 32 1 8 8 1 0.0000021431336480686698
armv7neon_mmm_f32_8x4_generic 8 4 8 8 1 0.0000024108007752408714
armv7neon_mmm_f32_8x4_cortexa9 8 4 8 8 1 0.0000024108791164465788
armv7neon_mmm_f32_8x4_cortexa7 8 4 8 8 1 0.000002430858402966625
armv7neon_mmm_f32_8x6_generic 8 6 8 8 1 0.0000025548659704533883
armv7neon_mmm_f32_8x6_cortexa9 8 6 8 8 1 0.0000025784944994853317
armv7neon_mmm_f32_8x6_cortexa7 8 6 8 8 1 0.0000025827195518499215
armv7neon_mmm_f32_8x1_generic 8 1 8 32 1 0.000002007574507070305
armv7neon_mmm_f32_8x4_generic 8 4 8 32 1 0.000003192653973910277
armv7neon_mmm_f32_8x4_cortexa7 8 4 8 32 1 0.0000032196206336
armv7neon_mmm_f32_32x1_cortexa7 32 1 8 32 1 0.0000032402345540207727
armv7neon_mmm_f32_32x1_generic 32 1 8 32 1 0.0000032538190983606553
armv7neon_mmm_f32_8x4_cortexa9 8 4 8 32 1 0.000003257517177235772
armv7neon_mmm_f32_32x1_cortexa9 32 1 8 32 1 0.000003366088836111435
armv7neon_mmm_f32_8x6_generic 8 6 8 32 1 0.0000036589500183217283
armv7neon_mmm_f32_8x6_cortexa7 8 6 8 32 1 0.0000036998877541589654
armv7neon_mmm_f32_8x6_cortexa9 8 6 8 32 1 0.0000037169677835433656
armv7neon_mmm_f32_8x1_generic 8 1 8 128 1 0.0000033738691984864115
armv7neon_mmm_f32_8x4_generic 8 4 8 128 1 0.000006288607702957836
armv7neon_mmm_f32_8x4_cortexa7 8 4 8 128 1 0.000006508821368078176
armv7neon_mmm_f32_8x4_cortexa9 8 4 8 128 1 0.000006599976068601582
armv7neon_mmm_f32_32x1_cortexa7 32 1 8 128 1 0.000007745069776061776
armv7neon_mmm_f32_32x1_generic 32 1 8 128 1 0.000007938622222222222
armv7neon_mmm_f32_8x6_generic 8 6 8 128 1 0.00000811702693089431
armv7neon_mmm_f32_8x6_cortexa7 8 6 8 128 1 0.000008257502762613733
armv7neon_mmm_f32_32x1_cortexa9 32 1 8 128 1 0.00000829393478044739
armv7neon_mmm_f32_8x6_cortexa9 8 6 8 128 1 0.000008385780100671142
armv7neon_mmm_f32_8x1_generic 8 1 16 8 1 0.0000021129487065444313
armv7neon_mmm_f32_32x1_generic 32 1 16 8 1 0.0000021448837914291744
armv7neon_mmm_f32_32x1_cortexa7 32 1 16 8 1 0.0000021675372033001906
armv7neon_mmm_f32_32x1_cortexa9 32 1 16 8 1 0.0000021877592097917113
armv7neon_mmm_f32_8x4_generic 8 4 16 8 1 0.000003292505847539403
armv7neon_mmm_f32_8x4_cortexa7 8 4 16 8 1 0.000003301490060140327
armv7neon_mmm_f32_8x4_cortexa9 8 4 16 8 1 0.0000033327337808539032
armv7neon_mmm_f32_8x6_generic 8 6 16 8 1 0.000003564842386772106
armv7neon_mmm_f32_8x6_cortexa7 8 6 16 8 1 0.000003584624449213162
armv7neon_mmm_f32_8x6_cortexa9 8 6 16 8 1 0.000003594937795562023
armv7neon_mmm_f32_8x1_generic 8 1 16 32 1 0.0000027575619906516365
armv7neon_mmm_f32_32x1_cortexa7 32 1 16 32 1 0.000003298988837598532
armv7neon_mmm_f32_32x1_generic 32 1 16 32 1 0.0000033040444371941266
armv7neon_mmm_f32_32x1_cortexa9 32 1 16 32 1 0.00000340656753544902
armv7neon_mmm_f32_8x4_generic 8 4 16 32 1 0.0000048360336535662305
armv7neon_mmm_f32_8x4_cortexa7 8 4 16 32 1 0.000004923475282457879
armv7neon_mmm_f32_8x4_cortexa9 8 4 16 32 1 0.0000049746110076171546
armv7neon_mmm_f32_8x6_generic 8 6 16 32 1 0.000005744131972111555
armv7neon_mmm_f32_8x6_cortexa7 8 6 16 32 1 0.000005808995874855157
armv7neon_mmm_f32_8x6_cortexa9 8 6 16 32 1 0.000005886937788404064
armv7neon_mmm_f32_8x1_generic 8 1 16 128 1 0.000005475405136017411
armv7neon_mmm_f32_32x1_cortexa7 32 1 16 128 1 0.000007772850116369279
armv7neon_mmm_f32_32x1_generic 32 1 16 128 1 0.000007997801088110404
armv7neon_mmm_f32_32x1_cortexa9 32 1 16 128 1 0.000008344973942077376
armv7neon_mmm_f32_8x4_generic 8 4 16 128 1 0.000011131353592880977
armv7neon_mmm_f32_8x4_cortexa7 8 4 16 128 1 0.0000114774073853211
armv7neon_mmm_f32_8x4_cortexa9 8 4 16 128 1 0.00001165577599466776
armv7neon_mmm_f32_8x6_generic 8 6 16 128 1 0.000014563980774312897
armv7neon_mmm_f32_8x6_cortexa7 8 6 16 128 1 0.000014924048977743271
armv7neon_mmm_f32_8x6_cortexa9 8 6 16 128 1 0.000015155380966767372
armv7neon_mmm_f32_32x1_generic 32 1 24 8 1 0.0000022071428714420904
armv7neon_mmm_f32_32x1_cortexa7 32 1 24 8 1 0.0000022292683528900478
armv7neon_mmm_f32_32x1_cortexa9 32 1 24 8 1 0.0000022407150265017663
armv7neon_mmm_f32_8x1_generic 8 1 24 8 1 0.000002558521617684
armv7neon_mmm_f32_8x4_generic 8 4 24 8 1 0.000004145361217532468
armv7neon_mmm_f32_8x4_cortexa7 8 4 24 8 1 0.000004164798966853207
armv7neon_mmm_f32_8x4_cortexa9 8 4 24 8 1 0.000004174974482187241
armv7neon_mmm_f32_8x6_generic 8 6 24 8 1 0.000004485861326116373
armv7neon_mmm_f32_8x6_cortexa9 8 6 24 8 1 0.000004502791011824576
armv7neon_mmm_f32_8x6_cortexa7 8 6 24 8 1 0.000004540354425783023
armv7neon_mmm_f32_32x1_cortexa7 32 1 24 32 1 0.000003326861096989967
armv7neon_mmm_f32_32x1_generic 32 1 24 32 1 0.000003348410093959732
armv7neon_mmm_f32_32x1_cortexa9 32 1 24 32 1 0.0000034560106080384747
armv7neon_mmm_f32_8x1_generic 8 1 24 32 1 0.0000035072735828135827
armv7neon_mmm_f32_8x4_generic 8 4 24 32 1 0.000006403435471220745
armv7neon_mmm_f32_8x4_cortexa7 8 4 24 32 1 0.0000065552702709848
armv7neon_mmm_f32_8x4_cortexa9 8 4 24 32 1 0.000006621222876076871
armv7neon_mmm_f32_8x6_generic 8 6 24 32 1 0.00000773346165458937
armv7neon_mmm_f32_8x6_cortexa7 8 6 24 32 1 0.000007854532278778387
armv7neon_mmm_f32_8x6_cortexa9 8 6 24 32 1 0.000007942243854660348
armv7neon_mmm_f32_8x1_generic 8 1 24 128 1 0.00000758170236181958
armv7neon_mmm_f32_32x1_cortexa7 32 1 24 128 1 0.000007851414707259955
armv7neon_mmm_f32_32x1_generic 32 1 24 128 1 0.000007997401536128691
armv7neon_mmm_f32_32x1_cortexa9 32 1 24 128 1 0.000008373217238493723
armv7neon_mmm_f32_8x4_generic 8 4 24 128 1 0.00001577985829371368
armv7neon_mmm_f32_8x4_cortexa7 8 4 24 128 1 0.000016378498415841586
armv7neon_mmm_f32_8x4_cortexa9 8 4 24 128 1 0.000016680180666666665
armv7neon_mmm_f32_8x6_generic 8 6 24 128 1 0.000020937611697289432
armv7neon_mmm_f32_8x6_cortexa7 8 6 24 128 1 0.00002147992142600575
armv7neon_mmm_f32_8x6_cortexa9 8 6 24 128 1 0.000021914721135371182
armv7neon_mmm_f32_32x1_cortexa7 32 1 32 8 1 0.0000019085214449104083
armv7neon_mmm_f32_32x1_generic 32 1 32 8 1 0.000001909977810444874
armv7neon_mmm_f32_32x1_cortexa9 32 1 32 8 1 0.0000019436952750048933
armv7neon_mmm_f32_8x1_generic 8 1 32 8 1 0.0000029586935681293306
armv7neon_mmm_f32_8x4_generic 8 4 32 8 1 0.0000049084862632084535
armv7neon_mmm_f32_8x4_cortexa7 8 4 32 8 1 0.00000495781031372549
armv7neon_mmm_f32_8x4_cortexa9 8 4 32 8 1 0.000004983912897755611
armv7neon_mmm_f32_8x6_generic 8 6 32 8 1 0.000005332759104477613
armv7neon_mmm_f32_8x6_cortexa7 8 6 32 8 1 0.000005416184051724139
armv7neon_mmm_f32_8x6_cortexa9 8 6 32 8 1 0.000005445015796827114
armv7neon_mmm_f32_32x1_cortexa7 32 1 32 32 1 0.0000030225695639097743
armv7neon_mmm_f32_32x1_generic 32 1 32 32 1 0.000003068751858589054
armv7neon_mmm_f32_32x1_cortexa9 32 1 32 32 1 0.0000031651092127569404
armv7neon_mmm_f32_8x1_generic 8 1 32 32 1 0.000004235552416981925
armv7neon_mmm_f32_8x4_generic 8 4 32 32 1 0.000008005386454689984
armv7neon_mmm_f32_8x4_cortexa7 8 4 32 32 1 0.000008187924778147533
armv7neon_mmm_f32_8x4_cortexa9 8 4 32 32 1 0.000008283156884194644
armv7neon_mmm_f32_8x6_generic 8 6 32 32 1 0.000009701714517374518
armv7neon_mmm_f32_8x6_cortexa7 8 6 32 32 1 0.000009912951700387433
armv7neon_mmm_f32_8x6_cortexa9 8 6 32 32 1 0.000010028143246492983
armv7neon_mmm_f32_32x1_cortexa7 32 1 32 128 1 0.000007521432530120481
armv7neon_mmm_f32_32x1_generic 32 1 32 128 1 0.00000774680416988417
armv7neon_mmm_f32_32x1_cortexa9 32 1 32 128 1 0.000008107814820047327
armv7neon_mmm_f32_8x1_generic 8 1 32 128 1 0.000009676529436893205
armv7neon_mmm_f32_8x4_generic 8 4 32 128 1 0.000020566639254658383
armv7neon_mmm_f32_8x4_cortexa7 8 4 32 128 1 0.000021397654529914526
armv7neon_mmm_f32_8x4_cortexa9 8 4 32 128 1 0.000021706087807183364
armv7neon_mmm_f32_8x6_generic 8 6 32 128 1 0.00002774697523148149
armv7neon_mmm_f32_8x6_cortexa7 8 6 32 128 1 0.0000282094843943662
armv7neon_mmm_f32_8x6_cortexa9 8 6 32 128 1 0.00002861711739130435
armv7neon_mmm_f32_32x1_generic 32 1 48 8 1 0.000002928583143928469
armv7neon_mmm_f32_32x1_cortexa7 32 1 48 8 1 0.0000029428188569736447
armv7neon_mmm_f32_32x1_cortexa9 32 1 48 8 1 0.0000029861812369285933
armv7neon_mmm_f32_8x1_generic 8 1 48 8 1 0.000003744668008882309
armv7neon_mmm_f32_8x4_generic 8 4 48 8 1 0.00000644404575465639
armv7neon_mmm_f32_8x4_cortexa9 8 4 48 8 1 0.0000065749101796407196
armv7neon_mmm_f32_8x4_cortexa7 8 4 48 8 1 0.000006645524789473683
armv7neon_mmm_f32_8x6_generic 8 6 48 8 1 0.0000072239269253910935
armv7neon_mmm_f32_8x6_cortexa7 8 6 48 8 1 0.000007259453802197802
armv7neon_mmm_f32_8x6_cortexa9 8 6 48 8 1 0.0000073433360233918124
armv7neon_mmm_f32_32x1_cortexa7 32 1 48 32 1 0.0000051668159081419635
armv7neon_mmm_f32_32x1_generic 32 1 48 32 1 0.000005249242909663866
armv7neon_mmm_f32_32x1_cortexa9 32 1 48 32 1 0.000005490584468546638
armv7neon_mmm_f32_8x1_generic 8 1 48 32 1 0.000005770918464887375
armv7neon_mmm_f32_8x4_generic 8 4 48 32 1 0.000011180531725663718
armv7neon_mmm_f32_8x4_cortexa7 8 4 48 32 1 0.000011494763787528867
armv7neon_mmm_f32_8x4_cortexa9 8 4 48 32 1 0.000011645085125968992
armv7neon_mmm_f32_8x6_generic 8 6 48 32 1 0.0000137186409153261
armv7neon_mmm_f32_8x6_cortexa7 8 6 48 32 1 0.000014005384379001282
armv7neon_mmm_f32_8x6_cortexa9 8 6 48 32 1 0.000014189605536723165
armv7neon_mmm_f32_8x1_generic 8 1 48 128 1 0.00001424818439716312
armv7neon_mmm_f32_32x1_cortexa7 32 1 48 128 1 0.00001461424908759124
armv7neon_mmm_f32_32x1_cortexa9 32 1 48 128 1 0.000015545132382438153
armv7neon_mmm_f32_32x1_generic 32 1 48 128 1 0.000016041061797752812
armv7neon_mmm_f32_8x4_generic 8 4 48 128 1 0.000030654890484003275
armv7neon_mmm_f32_8x4_cortexa7 8 4 48 128 1 0.00003143452921907757
armv7neon_mmm_f32_8x4_cortexa9 8 4 48 128 1 0.00003195994702189558
armv7neon_mmm_f32_8x6_generic 8 6 48 128 1 0.000040772946567717995
armv7neon_mmm_f32_8x6_cortexa7 8 6 48 128 1 0.000041423502829121093
armv7neon_mmm_f32_8x6_cortexa9 8 6 48 128 1 0.00004208096262808922
armv7neon_mmm_f32_32x1_cortexa7 32 1 64 8 1 0.0000026286554347826087
armv7neon_mmm_f32_32x1_generic 32 1 64 8 1 0.0000026297419711804467
armv7neon_mmm_f32_32x1_cortexa9 32 1 64 8 1 0.0000026912310765324545
armv7neon_mmm_f32_8x1_generic 8 1 64 8 1 0.00000459040173271298
armv7neon_mmm_f32_8x4_generic 8 4 64 8 1 0.000008170926952231118
armv7neon_mmm_f32_8x4_cortexa7 8 4 64 8 1 0.000008299385971877585
armv7neon_mmm_f32_8x4_cortexa9 8 4 64 8 1 0.000008410606924369749
armv7neon_mmm_f32_8x6_generic 8 6 64 8 1 0.000009014128086220963
armv7neon_mmm_f32_8x6_cortexa9 8 6 64 8 1 0.000009163109713738171
armv7neon_mmm_f32_8x6_cortexa7 8 6 64 8 1 0.00000919623651815832
armv7neon_mmm_f32_32x1_cortexa7 32 1 64 32 1 0.000004842402287739648
armv7neon_mmm_f32_32x1_generic 32 1 64 32 1 0.000004944159212225571
armv7neon_mmm_f32_32x1_cortexa9 32 1 64 32 1 0.000005135943610416087
armv7neon_mmm_f32_8x1_generic 8 1 64 32 1 0.0000071820239456754825
armv7neon_mmm_f32_8x4_generic 8 4 64 32 1 0.000014380412095088823
armv7neon_mmm_f32_8x4_cortexa7 8 4 64 32 1 0.000014775915603598764
armv7neon_mmm_f32_8x4_cortexa9 8 4 64 32 1 0.00001494739299971486
armv7neon_mmm_f32_8x6_generic 8 6 64 32 1 0.000017717931706490425
armv7neon_mmm_f32_8x6_cortexa7 8 6 64 32 1 0.000018117806406455862
armv7neon_mmm_f32_8x6_cortexa9 8 6 64 32 1 0.000018300733421971085
armv7neon_mmm_f32_32x1_cortexa7 32 1 64 128 1 0.000014238502725133158
armv7neon_mmm_f32_32x1_cortexa9 32 1 64 128 1 0.000015295322463768115
armv7neon_mmm_f32_32x1_generic 32 1 64 128 1 0.000015619587571022728
armv7neon_mmm_f32_8x1_generic 8 1 64 128 1 0.000019317948327202663
armv7neon_mmm_f32_8x4_cortexa7 8 4 64 128 1 0.00004128409074508389
armv7neon_mmm_f32_8x4_generic 8 4 64 128 1 0.00004149466318106769
armv7neon_mmm_f32_8x4_cortexa9 8 4 64 128 1 0.0000420827372881356
armv7neon_mmm_f32_8x6_cortexa7 8 6 64 128 1 0.00005474170950788341
armv7neon_mmm_f32_8x6_generic 8 6 64 128 1 0.00005524461787439615
armv7neon_mmm_f32_8x6_cortexa9 8 6 64 128 1 0.00005555974047739969
armv7neon_mmm_f32_32x1_cortexa7 32 1 96 8 1 0.000003338949538461539
armv7neon_mmm_f32_32x1_generic 32 1 96 8 1 0.000003360441080848976
armv7neon_mmm_f32_32x1_cortexa9 32 1 96 8 1 0.00000344350086479394
armv7neon_mmm_f32_8x1_generic 8 1 96 8 1 0.000006256034639425062
armv7neon_mmm_f32_8x4_generic 8 4 96 8 1 0.000011319539794076023
armv7neon_mmm_f32_8x4_cortexa9 8 4 96 8 1 0.000011598260796114454
armv7neon_mmm_f32_8x4_cortexa7 8 4 96 8 1 0.000011671126432748538
armv7neon_mmm_f32_8x6_generic 8 6 96 8 1 0.000012671946360759493
armv7neon_mmm_f32_8x6_cortexa7 8 6 96 8 1 0.000012860658056925148
armv7neon_mmm_f32_8x6_cortexa9 8 6 96 8 1 0.00001294404392170735
armv7neon_mmm_f32_32x1_cortexa7 32 1 96 32 1 0.000006681601216460043
armv7neon_mmm_f32_32x1_generic 32 1 96 32 1 0.000006815633801984876
armv7neon_mmm_f32_32x1_cortexa9 32 1 96 32 1 0.0000071268510993083
armv7neon_mmm_f32_8x1_generic 8 1 96 32 1 0.000010320928644240569
armv7neon_mmm_f32_8x4_generic 8 4 96 32 1 0.000020812898648648646
armv7neon_mmm_f32_8x4_cortexa7 8 4 96 32 1 0.00002139907451923077
armv7neon_mmm_f32_8x4_cortexa9 8 4 96 32 1 0.00002171315093981394
armv7neon_mmm_f32_8x6_generic 8 6 96 32 1 0.000025865893054771315
armv7neon_mmm_f32_8x6_cortexa7 8 6 96 32 1 0.0000263960861117774
armv7neon_mmm_f32_8x6_cortexa9 8 6 96 32 1 0.000026695243664264124
armv7neon_mmm_f32_32x1_cortexa7 32 1 96 128 1 0.00002087440832374376
armv7neon_mmm_f32_32x1_cortexa9 32 1 96 128 1 0.000022370058529111338
armv7neon_mmm_f32_32x1_generic 32 1 96 128 1 0.00002361823960880196
armv7neon_mmm_f32_8x1_generic 8 1 96 128 1 0.00002943295254010695
armv7neon_mmm_f32_8x4_cortexa7 8 4 96 128 1 0.00006139534960718296
armv7neon_mmm_f32_8x4_generic 8 4 96 128 1 0.00006158625500285877
armv7neon_mmm_f32_8x4_cortexa9 8 4 96 128 1 0.00006255694110920527
armv7neon_mmm_f32_8x6_cortexa7 8 6 96 128 1 0.00008198215271289974
armv7neon_mmm_f32_8x6_generic 8 6 96 128 1 0.00008264502727272728
armv7neon_mmm_f32_8x6_cortexa9 8 6 96 128 1 0.00008344713116550969
armv7neon_mmm_f32_32x1_cortexa7 32 1 128 8 1 0.000004014522095923536
armv7neon_mmm_f32_32x1_generic 32 1 128 8 1 0.00000406054186748096
armv7neon_mmm_f32_32x1_cortexa9 32 1 128 8 1 0.000004178552316850314
armv7neon_mmm_f32_8x1_generic 8 1 128 8 1 0.000007882326452762926
armv7neon_mmm_f32_8x4_generic 8 4 128 8 1 0.000014761179035666258
armv7neon_mmm_f32_8x4_cortexa7 8 4 128 8 1 0.000014940223406341941
armv7neon_mmm_f32_8x4_cortexa9 8 4 128 8 1 0.000015069185167464114
armv7neon_mmm_f32_8x6_generic 8 6 128 8 1 0.00001627615571448803
armv7neon_mmm_f32_8x6_cortexa7 8 6 128 8 1 0.000016521173257575756
armv7neon_mmm_f32_8x6_cortexa9 8 6 128 8 1 0.000016572624834437086
armv7neon_mmm_f32_32x1_cortexa7 32 1 128 32 1 0.000008551059620174347
armv7neon_mmm_f32_32x1_generic 32 1 128 32 1 0.000008996236893737245
armv7neon_mmm_f32_32x1_cortexa9 32 1 128 32 1 0.000009152220936782356
armv7neon_mmm_f32_8x1_generic 8 1 128 32 1 0.00001337189119053039
armv7neon_mmm_f32_8x4_generic 8 4 128 32 1 0.000027323635990037367
armv7neon_mmm_f32_8x4_cortexa7 8 4 128 32 1 0.000028101549218368346
armv7neon_mmm_f32_8x4_cortexa9 8 4 128 32 1 0.000028528766164195837
armv7neon_mmm_f32_8x6_generic 8 6 128 32 1 0.000034597120539730135
armv7neon_mmm_f32_8x6_cortexa7 8 6 128 32 1 0.00003480702728635682
armv7neon_mmm_f32_8x6_cortexa9 8 6 128 32 1 0.000035259148919262564
armv7neon_mmm_f32_32x1_cortexa7 32 1 128 128 1 0.00002763225081843364
armv7neon_mmm_f32_32x1_cortexa9 32 1 128 128 1 0.000029580910721197256
armv7neon_mmm_f32_32x1_generic 32 1 128 128 1 0.00003167622380952381
armv7neon_mmm_f32_8x1_generic 8 1 128 128 1 0.00003953856604084321
armv7neon_mmm_f32_8x4_cortexa7 8 4 128 128 1 0.00008197423948681398
armv7neon_mmm_f32_8x4_generic 8 4 128 128 1 0.00008319022644927538
armv7neon_mmm_f32_8x4_cortexa9 8 4 128 128 1 0.0000836583143939394
armv7neon_mmm_f32_8x6_cortexa7 8 6 128 128 1 0.00010930105434782609
armv7neon_mmm_f32_8x6_generic 8 6 128 128 1 0.00010987208562271063
armv7neon_mmm_f32_8x6_cortexa9 8 6 128 128 1 0.0001103929879227053
armv7neon_mmm_f32_32x1_cortexa7 32 1 256 8 1 0.000006772273747637051
armv7neon_mmm_f32_32x1_generic 32 1 256 8 1 0.000006874442775647016
armv7neon_mmm_f32_32x1_cortexa9 32 1 256 8 1 0.000007180609710656317
armv7neon_mmm_f32_8x1_generic 8 1 256 8 1 0.000014507863768498943
armv7neon_mmm_f32_8x4_generic 8 4 256 8 1 0.000027824700074515645
armv7neon_mmm_f32_8x4_cortexa7 8 4 256 8 1 0.00002833936660968661
armv7neon_mmm_f32_8x4_cortexa9 8 4 256 8 1 0.000028472702236024848
armv7neon_mmm_f32_8x6_generic 8 6 256 8 1 0.00003099640919846199
armv7neon_mmm_f32_8x6_cortexa7 8 6 256 8 1 0.00003138671273867198
armv7neon_mmm_f32_8x6_cortexa9 8 6 256 8 1 0.00003149504965025374
armv7neon_mmm_f32_32x1_cortexa7 32 1 256 32 1 0.00001627629188500212
armv7neon_mmm_f32_32x1_cortexa9 32 1 256 32 1 0.000017299731920592407
armv7neon_mmm_f32_32x1_generic 32 1 256 32 1 0.0000175001696532634
armv7neon_mmm_f32_8x1_generic 8 1 256 32 1 0.000026808704666990762
armv7neon_mmm_f32_8x4_generic 8 4 256 32 1 0.0000548515441949355
armv7neon_mmm_f32_8x4_cortexa7 8 4 256 32 1 0.00005502356497717992
armv7neon_mmm_f32_8x4_cortexa9 8 4 256 32 1 0.00005576171604028496
armv7neon_mmm_f32_8x6_cortexa7 8 6 256 32 1 0.0000681912153067302
armv7neon_mmm_f32_8x6_generic 8 6 256 32 1 0.00006824301463262763
armv7neon_mmm_f32_8x6_cortexa9 8 6 256 32 1 0.00006884609482517484
armv7neon_mmm_f32_32x1_cortexa7 32 1 256 128 1 0.000054274836739130446
armv7neon_mmm_f32_32x1_cortexa9 32 1 256 128 1 0.000058025568139534897
armv7neon_mmm_f32_32x1_generic 32 1 256 128 1 0.00006051014240963856
armv7neon_mmm_f32_8x1_generic 8 1 256 128 1 0.00007650034595419846
armv7neon_mmm_f32_8x4_cortexa7 8 4 256 128 1 0.00016137385997067445
armv7neon_mmm_f32_8x4_generic 8 4 256 128 1 0.000162991388852459
armv7neon_mmm_f32_8x4_cortexa9 8 4 256 128 1 0.00016447700075757576
armv7neon_mmm_f32_8x6_cortexa7 8 6 256 128 1 0.00021484708992094867
armv7neon_mmm_f32_8x6_generic 8 6 256 128 1 0.00021778349652173915
armv7neon_mmm_f32_8x6_cortexa9 8 6 256 128 1 0.00021817861739130436
