armv7neon_mmm_f32_8x1_generic 8 1 1 8 1 0.0000015629988919839063
armv7neon_mmm_f32_32x1_cortexa9 32 1 1 8 1 0.0000018138530822669102
armv7neon_mmm_f32_32x1_generic 32 1 1 8 1 0.00000188473816941444
armv7neon_mmm_f32_32x1_cortexa7 32 1 1 8 1 0.000002069282040560318
armv7neon_mmm_f32_8x6_generic 8 6 1 8 1 0.0000022345071619479052
armv7neon_mmm_f32_8x6_cortexa9 8 6 1 8 1 0.000002243371768985903
armv7neon_mmm_f32_8x4_generic 8 4 1 8 1 0.0000022785429120674692
armv7neon_mmm_f32_8x4_cortexa9 8 4 1 8 1 0.000002278821191388616
armv7neon_mmm_f32_8x6_cortexa7 8 6 1 8 1 0.0000023788426871401153
armv7neon_mmm_f32_8x4_cortexa7 8 4 1 8 1 0.00000573678947368421
armv7neon_mmm_f32_8x1_generic 8 1 1 32 1 0.0000020308405504210313
armv7neon_mmm_f32_32x1_cortexa9 32 1 1 32 1 0.0000027944835529143083
armv7neon_mmm_f32_8x4_generic 8 4 1 32 1 0.000002878559212438245
armv7neon_mmm_f32_8x4_cortexa9 8 4 1 32 1 0.000002882976106470815
armv7neon_mmm_f32_32x1_generic 32 1 1 32 1 0.0000030416181071975496
armv7neon_mmm_f32_8x6_cortexa9 8 6 1 32 1 0.000003063058158220024
armv7neon_mmm_f32_8x6_generic 8 6 1 32 1 0.000003074332997624212
armv7neon_mmm_f32_8x4_cortexa7 8 4 1 32 1 0.0000032586367275097783
armv7neon_mmm_f32_8x6_cortexa7 8 6 1 32 1 0.0000035103456657223794
armv7neon_mmm_f32_32x1_cortexa7 32 1 1 32 1 0.000003818347954341413
armv7neon_mmm_f32_8x1_generic 8 1 1 128 1 0.000003969887098865478
armv7neon_mmm_f32_8x4_generic 8 4 1 128 1 0.000005386123808499191
armv7neon_mmm_f32_8x4_cortexa9 8 4 1 128 1 0.000005389931564699513
armv7neon_mmm_f32_8x6_cortexa9 8 6 1 128 1 0.000006440131705426358
armv7neon_mmm_f32_8x6_generic 8 6 1 128 1 0.000006450406494845359
armv7neon_mmm_f32_32x1_cortexa9 32 1 1 128 1 0.0000067704741350067836
armv7neon_mmm_f32_8x4_cortexa7 8 4 1 128 1 0.000006830491250963877
armv7neon_mmm_f32_32x1_generic 32 1 1 128 1 0.000007697484451297868
armv7neon_mmm_f32_8x6_cortexa7 8 6 1 128 1 0.000008144408945578232
armv7neon_mmm_f32_32x1_cortexa7 32 1 1 128 1 0.000010880396597600871
armv7neon_mmm_f32_8x1_generic 8 1 2 8 1 0.00000158619384516129
armv7neon_mmm_f32_32x1_cortexa9 32 1 2 8 1 0.000001816552593398622
armv7neon_mmm_f32_32x1_generic 32 1 2 8 1 0.0000018912270548595289
armv7neon_mmm_f32_32x1_cortexa7 32 1 2 8 1 0.00000206785095379398
armv7neon_mmm_f32_8x6_cortexa9 8 6 2 8 1 0.000002263665975308642
armv7neon_mmm_f32_8x6_generic 8 6 2 8 1 0.0000022768262235374453
armv7neon_mmm_f32_8x4_cortexa9 8 4 2 8 1 0.0000022807259252548133
armv7neon_mmm_f32_8x4_generic 8 4 2 8 1 0.0000022845308482347547
armv7neon_mmm_f32_8x4_cortexa7 8 4 2 8 1 0.0000024021819224283305
armv7neon_mmm_f32_8x6_cortexa7 8 6 2 8 1 0.000002405900238891543
armv7neon_mmm_f32_8x1_generic 8 1 2 32 1 0.0000020660803352891867
armv7neon_mmm_f32_32x1_cortexa9 32 1 2 32 1 0.000002804487395655474
armv7neon_mmm_f32_8x4_generic 8 4 2 32 1 0.0000029482884386174023
armv7neon_mmm_f32_8x4_cortexa9 8 4 2 32 1 0.0000029507912518496595
armv7neon_mmm_f32_32x1_generic 32 1 2 32 1 0.0000030501559024589326
armv7neon_mmm_f32_8x6_cortexa9 8 6 2 32 1 0.000003113678422360249
armv7neon_mmm_f32_8x6_generic 8 6 2 32 1 0.0000031310957473420886
armv7neon_mmm_f32_8x4_cortexa7 8 4 2 32 1 0.000003327659655754303
armv7neon_mmm_f32_8x6_cortexa7 8 6 2 32 1 0.000003564839856989632
armv7neon_mmm_f32_32x1_cortexa7 32 1 2 32 1 0.0000038234357345608
armv7neon_mmm_f32_8x1_generic 8 1 2 128 1 0.000003998963816367266
armv7neon_mmm_f32_8x4_cortexa9 8 4 2 128 1 0.000005421770283842793
armv7neon_mmm_f32_8x4_generic 8 4 2 128 1 0.0000054220024742268035
armv7neon_mmm_f32_8x6_cortexa9 8 6 2 128 1 0.000006482834938670106
armv7neon_mmm_f32_8x6_generic 8 6 2 128 1 0.000006494101056751468
armv7neon_mmm_f32_32x1_cortexa9 32 1 2 128 1 0.000006789519183117768
armv7neon_mmm_f32_8x4_cortexa7 8 4 2 128 1 0.000006863102035763411
armv7neon_mmm_f32_32x1_generic 32 1 2 128 1 0.000007700665729974161
armv7neon_mmm_f32_8x6_cortexa7 8 6 2 128 1 0.000008187995398520953
armv7neon_mmm_f32_32x1_cortexa7 32 1 2 128 1 0.000010910120873362447
armv7neon_mmm_f32_8x1_generic 8 1 4 8 1 0.0000016107824273914203
armv7neon_mmm_f32_32x1_cortexa9 32 1 4 8 1 0.0000018235991806518302
armv7neon_mmm_f32_32x1_generic 32 1 4 8 1 0.00000190834317331791
armv7neon_mmm_f32_32x1_cortexa7 32 1 4 8 1 0.0000020836871564964715
armv7neon_mmm_f32_8x6_cortexa9 8 6 4 8 1 0.000002275126979804856
armv7neon_mmm_f32_8x6_generic 8 6 4 8 1 0.0000022827384382177307
armv7neon_mmm_f32_8x4_generic 8 4 4 8 1 0.000002297455242990654
armv7neon_mmm_f32_8x4_cortexa9 8 4 4 8 1 0.0000022977846282140376
armv7neon_mmm_f32_8x6_cortexa7 8 6 4 8 1 0.0000024039365022853015
armv7neon_mmm_f32_8x4_cortexa7 8 4 4 8 1 0.000002409184831218578
armv7neon_mmm_f32_8x1_generic 8 1 4 32 1 0.0000020900952690972222
armv7neon_mmm_f32_32x1_cortexa9 32 1 4 32 1 0.0000028380624036281178
armv7neon_mmm_f32_8x4_generic 8 4 4 32 1 0.000002954342123632061
armv7neon_mmm_f32_8x4_cortexa9 8 4 4 32 1 0.0000030004696336336338
armv7neon_mmm_f32_32x1_generic 32 1 4 32 1 0.0000030832170076804922
armv7neon_mmm_f32_8x6_cortexa9 8 6 4 32 1 0.000003163988820189275
armv7neon_mmm_f32_8x6_generic 8 6 4 32 1 0.0000031711491410658296
armv7neon_mmm_f32_8x4_cortexa7 8 4 4 32 1 0.000003375794495412844
armv7neon_mmm_f32_8x6_cortexa7 8 6 4 32 1 0.0000036163278383255143
armv7neon_mmm_f32_32x1_cortexa7 32 1 4 32 1 0.0000038486854594386775
armv7neon_mmm_f32_8x1_generic 8 1 4 128 1 0.000004029464911433173
armv7neon_mmm_f32_8x4_generic 8 4 4 128 1 0.000005494061402936378
armv7neon_mmm_f32_8x4_cortexa9 8 4 4 128 1 0.000005502776381798002
armv7neon_mmm_f32_8x6_cortexa9 8 6 4 128 1 0.000006540563309446254
armv7neon_mmm_f32_8x6_generic 8 6 4 128 1 0.000006545957840684661
armv7neon_mmm_f32_32x1_cortexa9 32 1 4 128 1 0.000006799132027210884
armv7neon_mmm_f32_8x4_cortexa7 8 4 4 128 1 0.000006944595186721992
armv7neon_mmm_f32_32x1_generic 32 1 4 128 1 0.000007826377447141738
armv7neon_mmm_f32_8x6_cortexa7 8 6 4 128 1 0.000008280124843492588
armv7neon_mmm_f32_32x1_cortexa7 32 1 4 128 1 0.000010908405027322402
armv7neon_mmm_f32_8x1_generic 8 1 8 8 1 0.0000014375599530722984
armv7neon_mmm_f32_32x1_cortexa9 32 1 8 8 1 0.0000018388513939838595
armv7neon_mmm_f32_32x1_generic 32 1 8 8 1 0.0000019215732327919566
armv7neon_mmm_f32_32x1_cortexa7 32 1 8 8 1 0.0000020972525457220942
armv7neon_mmm_f32_8x4_generic 8 4 8 8 1 0.0000022841030882352944
armv7neon_mmm_f32_8x4_cortexa9 8 4 8 8 1 0.000002287397896168669
armv7neon_mmm_f32_8x6_cortexa9 8 6 8 8 1 0.0000023192286561631143
armv7neon_mmm_f32_8x6_generic 8 6 8 8 1 0.0000023287077531523167
armv7neon_mmm_f32_8x4_cortexa7 8 4 8 8 1 0.0000023984154076218038
armv7neon_mmm_f32_8x6_cortexa7 8 6 8 8 1 0.0000024515092966772803
armv7neon_mmm_f32_8x1_generic 8 1 8 32 1 0.0000019315676729921414
armv7neon_mmm_f32_32x1_cortexa9 32 1 8 32 1 0.000002838311102250071
armv7neon_mmm_f32_8x4_generic 8 4 8 32 1 0.0000029143352297336847
armv7neon_mmm_f32_8x4_cortexa9 8 4 8 32 1 0.0000029166862503664614
armv7neon_mmm_f32_32x1_generic 32 1 8 32 1 0.0000030823659113300494
armv7neon_mmm_f32_8x6_cortexa9 8 6 8 32 1 0.0000031766357615894035
armv7neon_mmm_f32_8x6_generic 8 6 8 32 1 0.000003187428220392653
armv7neon_mmm_f32_8x4_cortexa7 8 4 8 32 1 0.0000032928395456064157
armv7neon_mmm_f32_8x6_cortexa7 8 6 8 32 1 0.000003623284722822174
armv7neon_mmm_f32_32x1_cortexa7 32 1 8 32 1 0.000003863725261529695
armv7neon_mmm_f32_8x1_generic 8 1 8 128 1 0.0000038514991284226784
armv7neon_mmm_f32_8x4_generic 8 4 8 128 1 0.000005416660140313007
armv7neon_mmm_f32_8x4_cortexa9 8 4 8 128 1 0.000005417490336590663
armv7neon_mmm_f32_8x6_cortexa9 8 6 8 128 1 0.0000065510349081364854
armv7neon_mmm_f32_8x6_generic 8 6 8 128 1 0.00000656598792353329
armv7neon_mmm_f32_32x1_cortexa9 32 1 8 128 1 0.000006820723308063405
armv7neon_mmm_f32_8x4_cortexa7 8 4 8 128 1 0.0000068670465193370195
armv7neon_mmm_f32_32x1_generic 32 1 8 128 1 0.000007762150754863814
armv7neon_mmm_f32_8x6_cortexa7 8 6 8 128 1 0.000008260432772166108
armv7neon_mmm_f32_32x1_cortexa7 32 1 8 128 1 0.000010919506169045
armv7neon_mmm_f32_32x1_cortexa9 32 1 16 8 1 0.0000018870722551252846
armv7neon_mmm_f32_8x1_generic 8 1 16 8 1 0.0000019138879823382607
armv7neon_mmm_f32_32x1_generic 32 1 16 8 1 0.0000019687365655769996
armv7neon_mmm_f32_32x1_cortexa7 32 1 16 8 1 0.000002143449833800993
armv7neon_mmm_f32_8x4_generic 8 4 16 8 1 0.0000031114499312070038
armv7neon_mmm_f32_8x4_cortexa9 8 4 16 8 1 0.000003117333071690215
armv7neon_mmm_f32_8x6_cortexa9 8 6 16 8 1 0.0000031616576225334185
armv7neon_mmm_f32_8x6_generic 8 6 16 8 1 0.0000031906927226463097
armv7neon_mmm_f32_8x4_cortexa7 8 4 16 8 1 0.0000033415722691917488
armv7neon_mmm_f32_8x6_cortexa7 8 6 16 8 1 0.0000034035632692307694
armv7neon_mmm_f32_32x1_cortexa9 32 1 16 32 1 0.00000288843146913938
armv7neon_mmm_f32_8x1_generic 8 1 16 32 1 0.000002893186332068865
armv7neon_mmm_f32_32x1_generic 32 1 16 32 1 0.0000031303793649795667
armv7neon_mmm_f32_32x1_cortexa7 32 1 16 32 1 0.000003912596260801257
armv7neon_mmm_f32_8x4_generic 8 4 16 32 1 0.000004383460771253286
armv7neon_mmm_f32_8x4_cortexa9 8 4 16 32 1 0.000004391804469763366
armv7neon_mmm_f32_8x6_cortexa9 8 6 16 32 1 0.000004859652354380813
armv7neon_mmm_f32_8x6_generic 8 6 16 32 1 0.000004886979633690709
armv7neon_mmm_f32_8x4_cortexa7 8 4 16 32 1 0.000005140747489701339
armv7neon_mmm_f32_8x6_cortexa7 8 6 16 32 1 0.000005730100420596799
armv7neon_mmm_f32_8x1_generic 8 1 16 128 1 0.0000067679562753036445
armv7neon_mmm_f32_32x1_cortexa9 32 1 16 128 1 0.000006912972301313062
armv7neon_mmm_f32_32x1_generic 32 1 16 128 1 0.000007849992610062894
armv7neon_mmm_f32_8x4_cortexa9 8 4 16 128 1 0.000009409157114779875
armv7neon_mmm_f32_8x4_generic 8 4 16 128 1 0.00000944397186729858
armv7neon_mmm_f32_32x1_cortexa7 32 1 16 128 1 0.000011039700552486187
armv7neon_mmm_f32_8x6_cortexa9 8 6 16 128 1 0.000011663632702992
armv7neon_mmm_f32_8x6_generic 8 6 16 128 1 0.00001169991892397661
armv7neon_mmm_f32_8x4_cortexa7 8 4 16 128 1 0.000012284903674475952
armv7neon_mmm_f32_8x6_cortexa7 8 6 16 128 1 0.000015005358977443607
armv7neon_mmm_f32_32x1_cortexa9 32 1 24 8 1 0.0000019461970058479525
armv7neon_mmm_f32_32x1_generic 32 1 24 8 1 0.0000020326238495575224
armv7neon_mmm_f32_32x1_cortexa7 32 1 24 8 1 0.0000022034237452683146
armv7neon_mmm_f32_8x1_generic 8 1 24 8 1 0.000002401031160009567
armv7neon_mmm_f32_8x4_generic 8 4 24 8 1 0.000003932332143322901
armv7neon_mmm_f32_8x4_cortexa9 8 4 24 8 1 0.000003953798204211362
armv7neon_mmm_f32_8x6_cortexa9 8 6 24 8 1 0.000003991632360273422
armv7neon_mmm_f32_8x6_generic 8 6 24 8 1 0.000004035672083165119
armv7neon_mmm_f32_8x4_cortexa7 8 4 24 8 1 0.000004287288810344828
armv7neon_mmm_f32_8x6_cortexa7 8 6 24 8 1 0.000004353106245421245
armv7neon_mmm_f32_32x1_cortexa9 32 1 24 32 1 0.0000029547755568790948
armv7neon_mmm_f32_32x1_generic 32 1 24 32 1 0.000003207355346780879
armv7neon_mmm_f32_8x1_generic 8 1 24 32 1 0.000003851587961464355
armv7neon_mmm_f32_32x1_cortexa7 32 1 24 32 1 0.000003970025157889243
armv7neon_mmm_f32_8x4_generic 8 4 24 32 1 0.000005823988344988344
armv7neon_mmm_f32_8x4_cortexa9 8 4 24 32 1 0.000005848486052945506
armv7neon_mmm_f32_8x6_cortexa9 8 6 24 32 1 0.000006539952458659705
armv7neon_mmm_f32_8x6_generic 8 6 24 32 1 0.000006582660105960264
armv7neon_mmm_f32_8x4_cortexa7 8 4 24 32 1 0.0000069706861301609535
armv7neon_mmm_f32_8x6_cortexa7 8 6 24 32 1 0.000007834902120974078
armv7neon_mmm_f32_32x1_cortexa9 32 1 24 128 1 0.000007148338014388489
armv7neon_mmm_f32_32x1_generic 32 1 24 128 1 0.000008894431147244808
armv7neon_mmm_f32_8x1_generic 8 1 24 128 1 0.000009699725286686105
armv7neon_mmm_f32_32x1_cortexa7 32 1 24 128 1 0.000011184210618672664
armv7neon_mmm_f32_8x4_generic 8 4 24 128 1 0.000013645601035422342
armv7neon_mmm_f32_8x4_cortexa9 8 4 24 128 1 0.000013670320109439122
armv7neon_mmm_f32_8x6_cortexa9 8 6 24 128 1 0.00001702944928327645
armv7neon_mmm_f32_8x6_generic 8 6 24 128 1 0.000017147384371772807
armv7neon_mmm_f32_8x4_cortexa7 8 4 24 128 1 0.000018163821211009173
armv7neon_mmm_f32_8x6_cortexa7 8 6 24 128 1 0.000022212686160714293
armv7neon_mmm_f32_32x1_cortexa9 32 1 32 8 1 0.0000016887540571037784
armv7neon_mmm_f32_32x1_generic 32 1 32 8 1 0.00000173832427259887
armv7neon_mmm_f32_32x1_cortexa7 32 1 32 8 1 0.00000194537238375515
armv7neon_mmm_f32_8x1_generic 8 1 32 8 1 0.000002876573351548499
armv7neon_mmm_f32_8x4_generic 8 4 32 8 1 0.000004729245051837889
armv7neon_mmm_f32_8x4_cortexa9 8 4 32 8 1 0.0000047618538424821
armv7neon_mmm_f32_8x6_cortexa9 8 6 32 8 1 0.000004817823107521696
armv7neon_mmm_f32_8x6_generic 8 6 32 8 1 0.000004873622022362665
armv7neon_mmm_f32_8x4_cortexa7 8 4 32 8 1 0.000005199474523685581
armv7neon_mmm_f32_8x6_cortexa7 8 6 32 8 1 0.000005271185929759378
armv7neon_mmm_f32_32x1_cortexa9 32 1 32 32 1 0.000002682811397964649
armv7neon_mmm_f32_32x1_generic 32 1 32 32 1 0.000002893397843250529
armv7neon_mmm_f32_32x1_cortexa7 32 1 32 32 1 0.0000037146847765363125
armv7neon_mmm_f32_8x1_generic 8 1 32 32 1 0.00000479964182955092
armv7neon_mmm_f32_8x4_generic 8 4 32 32 1 0.00000731333628111274
armv7neon_mmm_f32_8x4_cortexa9 8 4 32 32 1 0.000007358148056774854
armv7neon_mmm_f32_8x6_cortexa9 8 6 32 32 1 0.000008228800626029654
armv7neon_mmm_f32_8x6_generic 8 6 32 32 1 0.00000828187190713101
armv7neon_mmm_f32_8x4_cortexa7 8 4 32 32 1 0.000008846791481810115
armv7neon_mmm_f32_8x6_cortexa7 8 6 32 32 1 0.000009998280280561125
armv7neon_mmm_f32_32x1_cortexa9 32 1 32 128 1 0.000007069333826458037
armv7neon_mmm_f32_32x1_generic 32 1 32 128 1 0.000007700504165390506
armv7neon_mmm_f32_32x1_cortexa7 32 1 32 128 1 0.000010973162195389682
armv7neon_mmm_f32_8x1_generic 8 1 32 128 1 0.000012801352378516621
armv7neon_mmm_f32_8x4_cortexa9 8 4 32 128 1 0.000018222699054545457
armv7neon_mmm_f32_8x4_generic 8 4 32 128 1 0.00001884156482109228
armv7neon_mmm_f32_8x6_cortexa9 8 6 32 128 1 0.00002211882607538802
armv7neon_mmm_f32_8x6_generic 8 6 32 128 1 0.000022254163981481477
armv7neon_mmm_f32_8x4_cortexa7 8 4 32 128 1 0.000024016548173076916
armv7neon_mmm_f32_8x6_cortexa7 8 6 32 128 1 0.0000287943463583815
armv7neon_mmm_f32_32x1_cortexa9 32 1 48 8 1 0.0000025916127576127575
armv7neon_mmm_f32_32x1_generic 32 1 48 8 1 0.0000027419269449820295
armv7neon_mmm_f32_32x1_cortexa7 32 1 48 8 1 0.000003094335054179775
armv7neon_mmm_f32_8x1_generic 8 1 48 8 1 0.000003818444456355284
armv7neon_mmm_f32_8x4_generic 8 4 48 8 1 0.000006349318739424703
armv7neon_mmm_f32_8x4_cortexa9 8 4 48 8 1 0.000006400103966217661
armv7neon_mmm_f32_8x6_cortexa9 8 6 48 8 1 0.0000064806066742572106
armv7neon_mmm_f32_8x6_generic 8 6 48 8 1 0.0000065630605687048
armv7neon_mmm_f32_8x4_cortexa7 8 4 48 8 1 0.000007058357489421722
armv7neon_mmm_f32_8x6_cortexa7 8 6 48 8 1 0.000007142285432451751
armv7neon_mmm_f32_32x1_cortexa9 32 1 48 32 1 0.0000045955696500920804
armv7neon_mmm_f32_32x1_generic 32 1 48 32 1 0.000005061318716904278
armv7neon_mmm_f32_32x1_cortexa7 32 1 48 32 1 0.000006648337008660893
armv7neon_mmm_f32_8x1_generic 8 1 48 32 1 0.0000067162726025554816
armv7neon_mmm_f32_8x4_generic 8 4 48 32 1 0.000010198963094459499
armv7neon_mmm_f32_8x4_cortexa9 8 4 48 32 1 0.000010277561191626406
armv7neon_mmm_f32_8x6_cortexa9 8 6 48 32 1 0.000011576119026651215
armv7neon_mmm_f32_8x6_generic 8 6 48 32 1 0.000011655728777258567
armv7neon_mmm_f32_8x4_cortexa7 8 4 48 32 1 0.000012513575242453962
armv7neon_mmm_f32_8x6_cortexa7 8 6 48 32 1 0.000014130887411598302
armv7neon_mmm_f32_32x1_cortexa9 32 1 48 128 1 0.000014973816785714283
armv7neon_mmm_f32_32x1_generic 32 1 48 128 1 0.000018660740931098696
armv7neon_mmm_f32_8x1_generic 8 1 48 128 1 0.000018671948059701496
armv7neon_mmm_f32_32x1_cortexa7 32 1 48 128 1 0.00002177653113043478
armv7neon_mmm_f32_8x4_cortexa9 8 4 48 128 1 0.000025888452403100777
armv7neon_mmm_f32_8x4_generic 8 4 48 128 1 0.00002590142694300518
armv7neon_mmm_f32_8x6_cortexa9 8 6 48 128 1 0.00003303952675496689
armv7neon_mmm_f32_8x4_cortexa7 8 4 48 128 1 0.000034474128965517236
armv7neon_mmm_f32_8x6_generic 8 6 48 128 1 0.00003453260472222222
armv7neon_mmm_f32_8x6_cortexa7 8 6 48 128 1 0.000043000591034482764
armv7neon_mmm_f32_32x1_cortexa9 32 1 64 8 1 0.0000023674512759360842
armv7neon_mmm_f32_32x1_generic 32 1 64 8 1 0.000002478389895157264
armv7neon_mmm_f32_32x1_cortexa7 32 1 64 8 1 0.000002869187463851937
armv7neon_mmm_f32_8x1_generic 8 1 64 8 1 0.000004761755840455841
armv7neon_mmm_f32_8x4_generic 8 4 64 8 1 0.000007950835618706945
armv7neon_mmm_f32_8x4_cortexa9 8 4 64 8 1 0.000008037786650615305
armv7neon_mmm_f32_8x6_cortexa9 8 6 64 8 1 0.000008123919707078926
armv7neon_mmm_f32_8x6_generic 8 6 64 8 1 0.000008223273853738701
armv7neon_mmm_f32_8x4_cortexa7 8 4 64 8 1 0.000008914149155555553
armv7neon_mmm_f32_8x6_cortexa7 8 6 64 8 1 0.000008994530593093094
armv7neon_mmm_f32_32x1_cortexa9 32 1 64 32 1 0.000004391607426308843
armv7neon_mmm_f32_32x1_generic 32 1 64 32 1 0.000004848302704280155
armv7neon_mmm_f32_32x1_cortexa7 32 1 64 32 1 0.000006493986875
armv7neon_mmm_f32_8x1_generic 8 1 64 32 1 0.000008630504421416236
armv7neon_mmm_f32_8x4_generic 8 4 64 32 1 0.000013092175493421054
armv7neon_mmm_f32_8x4_cortexa9 8 4 64 32 1 0.000013333392563081011
armv7neon_mmm_f32_8x6_cortexa9 8 6 64 32 1 0.000014931668510804481
armv7neon_mmm_f32_8x6_generic 8 6 64 32 1 0.000015171986181818182
armv7neon_mmm_f32_8x4_cortexa7 8 4 64 32 1 0.00001656371189279732
armv7neon_mmm_f32_8x6_cortexa7 8 6 64 32 1 0.000018375157421731124
armv7neon_mmm_f32_32x1_cortexa9 32 1 64 128 1 0.000014538061040462432
armv7neon_mmm_f32_32x1_generic 32 1 64 128 1 0.000018517081328413282
armv7neon_mmm_f32_32x1_cortexa7 32 1 64 128 1 0.00002150598961373391
armv7neon_mmm_f32_8x1_generic 8 1 64 128 1 0.000025640522966751916
armv7neon_mmm_f32_8x4_cortexa9 8 4 64 128 1 0.000034181656986301364
armv7neon_mmm_f32_8x4_generic 8 4 64 128 1 0.000036349541672727275
armv7neon_mmm_f32_8x6_cortexa9 8 6 64 128 1 0.000043978872246696045
armv7neon_mmm_f32_8x4_cortexa7 8 4 64 128 1 0.00004583897871559632
armv7neon_mmm_f32_8x6_generic 8 6 64 128 1 0.00004974045194029851
armv7neon_mmm_f32_8x6_cortexa7 8 6 64 128 1 0.00005696790454545455
armv7neon_mmm_f32_32x1_cortexa9 32 1 96 8 1 0.000003071338285714286
armv7neon_mmm_f32_32x1_generic 32 1 96 8 1 0.000003241003754087639
armv7neon_mmm_f32_32x1_cortexa7 32 1 96 8 1 0.000003828789617612977
armv7neon_mmm_f32_8x1_generic 8 1 96 8 1 0.000006647467234042554
armv7neon_mmm_f32_8x4_generic 8 4 96 8 1 0.000011170784412094066
armv7neon_mmm_f32_8x4_cortexa9 8 4 96 8 1 0.000011325193393665161
armv7neon_mmm_f32_8x6_cortexa9 8 6 96 8 1 0.000011430520091638028
armv7neon_mmm_f32_8x6_generic 8 6 96 8 1 0.000011572951276102085
armv7neon_mmm_f32_8x4_cortexa7 8 4 96 8 1 0.000012627388713080165
armv7neon_mmm_f32_8x6_cortexa7 8 6 96 8 1 0.00001271959806615776
armv7neon_mmm_f32_32x1_cortexa9 32 1 96 32 1 0.0000060822855088360754
armv7neon_mmm_f32_32x1_generic 32 1 96 32 1 0.000006719484638069706
armv7neon_mmm_f32_32x1_cortexa7 32 1 96 32 1 0.000009139875013748853
armv7neon_mmm_f32_8x1_generic 8 1 96 32 1 0.000012454251805728524
armv7neon_mmm_f32_8x4_generic 8 4 96 32 1 0.000019093570570342206
armv7neon_mmm_f32_8x4_cortexa9 8 4 96 32 1 0.000019173699615384615
armv7neon_mmm_f32_8x6_cortexa9 8 6 96 32 1 0.00002173032756521739
armv7neon_mmm_f32_8x6_generic 8 6 96 32 1 0.00002191087754923414
armv7neon_mmm_f32_8x4_cortexa7 8 4 96 32 1 0.000023718844539007093
armv7neon_mmm_f32_8x6_cortexa7 8 6 96 32 1 0.000026822902210242586
armv7neon_mmm_f32_32x1_cortexa9 32 1 96 128 1 0.000027165047608695654
armv7neon_mmm_f32_32x1_cortexa7 32 1 96 128 1 0.000033909627074829925
armv7neon_mmm_f32_32x1_generic 32 1 96 128 1 0.000039215075137254894
armv7neon_mmm_f32_8x1_generic 8 1 96 128 1 0.00004426043168141593
armv7neon_mmm_f32_8x4_cortexa9 8 4 96 128 1 0.000051814875025906736
armv7neon_mmm_f32_8x4_generic 8 4 96 128 1 0.000057711390520231214
armv7neon_mmm_f32_8x6_cortexa9 8 6 96 128 1 0.00006528795581699348
armv7neon_mmm_f32_8x4_cortexa7 8 4 96 128 1 0.00006866503613793103
armv7neon_mmm_f32_8x6_generic 8 6 96 128 1 0.00008135872899728997
armv7neon_mmm_f32_8x6_cortexa7 8 6 96 128 1 0.00008519330769230772
armv7neon_mmm_f32_32x1_cortexa9 32 1 128 8 1 0.0000037647203592062292
armv7neon_mmm_f32_32x1_generic 32 1 128 8 1 0.00000397957583535109
armv7neon_mmm_f32_32x1_cortexa7 32 1 128 8 1 0.0000047768126325940215
armv7neon_mmm_f32_8x1_generic 8 1 128 8 1 0.000008537898976109213
armv7neon_mmm_f32_8x4_generic 8 4 128 8 1 0.000014388188086330932
armv7neon_mmm_f32_8x4_cortexa9 8 4 128 8 1 0.000014595653635901347
armv7neon_mmm_f32_8x6_cortexa9 8 6 128 8 1 0.000014729563573883161
armv7neon_mmm_f32_8x6_generic 8 6 128 8 1 0.000014960045577211397
armv7neon_mmm_f32_8x4_cortexa7 8 4 128 8 1 0.00001633371677559913
armv7neon_mmm_f32_8x6_cortexa7 8 6 128 8 1 0.000016472563393839384
armv7neon_mmm_f32_32x1_cortexa9 32 1 128 32 1 0.00000785598040752351
armv7neon_mmm_f32_32x1_generic 32 1 128 32 1 0.000008655768746758861
armv7neon_mmm_f32_32x1_cortexa7 32 1 128 32 1 0.00001187488047449585
armv7neon_mmm_f32_8x1_generic 8 1 128 32 1 0.000016320354853420194
armv7neon_mmm_f32_8x4_generic 8 4 128 32 1 0.000024966709900000005
armv7neon_mmm_f32_8x4_cortexa9 8 4 128 32 1 0.000025267418835443037
armv7neon_mmm_f32_8x6_cortexa9 8 6 128 32 1 0.00002866937317919075
armv7neon_mmm_f32_8x6_generic 8 6 128 32 1 0.000028871201724137935
armv7neon_mmm_f32_8x4_cortexa7 8 4 128 32 1 0.000031132177749999994
armv7neon_mmm_f32_8x6_cortexa7 8 6 128 32 1 0.000035323067887323943
armv7neon_mmm_f32_32x1_cortexa9 32 1 128 128 1 0.000039920975680000006
armv7neon_mmm_f32_32x1_cortexa7 32 1 128 128 1 0.00004604358248847926
armv7neon_mmm_f32_32x1_generic 32 1 128 128 1 0.00006192292173913044
armv7neon_mmm_f32_8x1_generic 8 1 128 128 1 0.00006573318394736843
armv7neon_mmm_f32_8x4_cortexa9 8 4 128 128 1 0.00006834887591836734
armv7neon_mmm_f32_8x4_generic 8 4 128 128 1 0.00007946306216931217
armv7neon_mmm_f32_8x6_cortexa9 8 6 128 128 1 0.0000860748052173913
armv7neon_mmm_f32_8x4_cortexa7 8 4 128 128 1 0.00009146523229357795
armv7neon_mmm_f32_8x6_generic 8 6 128 128 1 0.00011305337363636363
armv7neon_mmm_f32_8x6_cortexa7 8 6 128 128 1 0.0001131144336363636
armv7neon_mmm_f32_32x1_cortexa9 32 1 256 8 1 0.000006513557756033922
armv7neon_mmm_f32_32x1_generic 32 1 256 8 1 0.000006951509035392089
armv7neon_mmm_f32_32x1_cortexa7 32 1 256 8 1 0.00000852196466695132
armv7neon_mmm_f32_8x1_generic 8 1 256 8 1 0.00001609424161030596
armv7neon_mmm_f32_8x4_generic 8 4 256 8 1 0.000027323225205479444
armv7neon_mmm_f32_8x4_cortexa9 8 4 256 8 1 0.000027772266406685236
armv7neon_mmm_f32_8x6_cortexa9 8 6 256 8 1 0.000027985183977591046
armv7neon_mmm_f32_8x6_generic 8 6 256 8 1 0.00002839973532196969
armv7neon_mmm_f32_8x4_cortexa7 8 4 256 8 1 0.000031239554500000004
armv7neon_mmm_f32_8x6_cortexa7 8 6 256 8 1 0.00003137665786163522
armv7neon_mmm_f32_32x1_cortexa9 32 1 256 32 1 0.000016592899139072848
armv7neon_mmm_f32_32x1_generic 32 1 256 32 1 0.000020534509674796742
armv7neon_mmm_f32_32x1_cortexa7 32 1 256 32 1 0.000023859534857142852
armv7neon_mmm_f32_8x1_generic 8 1 256 32 1 0.00003363598859060403
armv7neon_mmm_f32_8x4_cortexa9 8 4 256 32 1 0.000049876552400000005
armv7neon_mmm_f32_8x4_generic 8 4 256 32 1 0.000050859684736394554
armv7neon_mmm_f32_8x6_cortexa9 8 6 256 32 1 0.00005721031085714285
armv7neon_mmm_f32_8x6_generic 8 6 256 32 1 0.000060447699151515164
armv7neon_mmm_f32_8x4_cortexa7 8 4 256 32 1 0.00006170405802469137
armv7neon_mmm_f32_8x6_cortexa7 8 6 256 32 1 0.00007047368652482268
armv7neon_mmm_f32_32x1_cortexa9 32 1 256 128 1 0.00008323970066666668
armv7neon_mmm_f32_32x1_cortexa7 32 1 256 128 1 0.00009602125475728156
armv7neon_mmm_f32_8x4_cortexa9 8 4 256 128 1 0.00013485714470720724
armv7neon_mmm_f32_32x1_generic 32 1 256 128 1 0.000140128687887324
armv7neon_mmm_f32_8x1_generic 8 1 256 128 1 0.00014913027137042063
armv7neon_mmm_f32_8x6_cortexa9 8 6 256 128 1 0.00017034716896551722
armv7neon_mmm_f32_8x4_cortexa7 8 4 256 128 1 0.0001798453818181818
armv7neon_mmm_f32_8x4_generic 8 4 256 128 1 0.000202489041632653
armv7neon_mmm_f32_8x6_generic 8 6 256 128 1 0.00021924834844444443
armv7neon_mmm_f32_8x6_cortexa7 8 6 256 128 1 0.0002226602566287879
