arm64simd_mmm_f32_32x1_gen 32 1 1 8 1 0.0000007213320120629878
arm64simd_mmm_f32_64x1_a53 64 1 1 8 1 0.0000008202653523475939
arm64simd_mmm_f32_64x1_a55 64 1 1 8 1 0.0000008383489242627348
arm64simd_mmm_f32_8x8_a55 8 8 1 8 1 0.0000008407684900042536
arm64simd_mmm_f32_16x4_a55 16 4 1 8 1 0.0000008464414038054969
arm64simd_mmm_f32_64x1_gen 64 1 1 8 1 0.0000008598860817907876
arm64simd_mmm_f32_8x8_a53 8 8 1 8 1 0.0000008630269989651604
arm64simd_mmm_f32_16x4_a53 16 4 1 8 1 0.0000008683518261272209
arm64simd_mmm_f32_8x8_gen 8 8 1 8 1 0.0000008698104581083436
arm64simd_mmm_f32_16x4_gen 16 4 1 8 1 0.0000008883483367410438
arm64simd_mmm_f32_12x8_a55 12 8 1 8 1 0.0000008923345979675521
arm64simd_mmm_f32_24x4_a55 24 4 1 8 1 0.000000906298150680625
arm64simd_mmm_f32_12x8_a53 12 8 1 8 1 0.0000009143975495298092
arm64simd_mmm_f32_24x4_a53 24 4 1 8 1 0.0000009251742219753771
arm64simd_mmm_f32_24x4_gen 24 4 1 8 1 0.0000009619243829077423
arm64simd_mmm_f32_32x3_gen 32 3 1 8 1 0.000000980027212954834
arm64simd_mmm_f32_12x8_gen 12 8 1 8 1 0.0000020115
arm64simd_mmm_f32_8x8_a55 8 8 1 32 1 0.0000010510125312335954
arm64simd_mmm_f32_16x4_a55 16 4 1 32 1 0.0000010510788346223116
arm64simd_mmm_f32_32x1_gen 32 1 1 32 1 0.0000010663952354688163
arm64simd_mmm_f32_16x4_a53 16 4 1 32 1 0.0000011396056342703235
arm64simd_mmm_f32_8x8_a53 8 8 1 32 1 0.0000011404321294291898
arm64simd_mmm_f32_8x8_gen 8 8 1 32 1 0.000001176429281599059
arm64simd_mmm_f32_12x8_a55 12 8 1 32 1 0.0000012096376109297543
arm64simd_mmm_f32_16x4_gen 16 4 1 32 1 0.000001232547360375887
arm64simd_mmm_f32_24x4_a55 24 4 1 32 1 0.0000012608480261503647
arm64simd_mmm_f32_12x8_a53 12 8 1 32 1 0.0000012920067758153927
arm64simd_mmm_f32_24x4_a53 24 4 1 32 1 0.0000013253867637326274
arm64simd_mmm_f32_12x8_gen 12 8 1 32 1 0.0000013676094345807158
arm64simd_mmm_f32_64x1_a55 64 1 1 32 1 0.000001417368629556372
arm64simd_mmm_f32_64x1_a53 64 1 1 32 1 0.0000014272210199540627
arm64simd_mmm_f32_24x4_gen 24 4 1 32 1 0.0000014649044648519437
arm64simd_mmm_f32_32x3_gen 32 3 1 32 1 0.0000015570548686868684
arm64simd_mmm_f32_64x1_gen 64 1 1 32 1 0.0000015818329627289957
arm64simd_mmm_f32_16x4_a55 16 4 1 128 1 0.0000018834441788801202
arm64simd_mmm_f32_8x8_a55 8 8 1 128 1 0.0000018908692960936028
arm64simd_mmm_f32_16x4_a53 16 4 1 128 1 0.000002237101918063315
arm64simd_mmm_f32_8x8_a53 8 8 1 128 1 0.0000022645431903789425
arm64simd_mmm_f32_8x8_gen 8 8 1 128 1 0.0000024095754383395406
arm64simd_mmm_f32_32x1_gen 32 1 1 128 1 0.000002452439489820947
arm64simd_mmm_f32_12x8_a55 12 8 1 128 1 0.000002477343863467722
arm64simd_mmm_f32_16x4_gen 16 4 1 128 1 0.0000026028295974908518
arm64simd_mmm_f32_24x4_a55 24 4 1 128 1 0.000002673079530040054
arm64simd_mmm_f32_12x8_a53 12 8 1 128 1 0.0000027920886619915852
arm64simd_mmm_f32_24x4_a53 24 4 1 128 1 0.0000029658829471182402
arm64simd_mmm_f32_12x8_gen 12 8 1 128 1 0.0000031068763693270733
arm64simd_mmm_f32_24x4_gen 24 4 1 128 1 0.000003613122851972493
arm64simd_mmm_f32_32x3_gen 32 3 1 128 1 0.000003946968372827803
arm64simd_mmm_f32_64x1_a53 64 1 1 128 1 0.000004728574333175131
arm64simd_mmm_f32_64x1_a55 64 1 1 128 1 0.0000051878729558441574
arm64simd_mmm_f32_64x1_gen 64 1 1 128 1 0.00000586552325471698
arm64simd_mmm_f32_8x8_a55 8 8 1 512 1 0.000006901938810511756
arm64simd_mmm_f32_8x8_a53 8 8 1 512 1 0.0000073835035029498525
arm64simd_mmm_f32_16x4_a53 16 4 1 512 1 0.00000827624281224152
arm64simd_mmm_f32_16x4_a55 16 4 1 512 1 0.000008770614925373133
arm64simd_mmm_f32_8x8_gen 8 8 1 512 1 0.000008932802148612355
arm64simd_mmm_f32_24x4_a55 24 4 1 512 1 0.000009832358343195268
arm64simd_mmm_f32_12x8_a53 12 8 1 512 1 0.000010193599183673471
arm64simd_mmm_f32_32x1_gen 32 1 1 512 1 0.000010619543591923488
arm64simd_mmm_f32_16x4_gen 16 4 1 512 1 0.00001152882599078341
arm64simd_mmm_f32_24x4_a53 24 4 1 512 1 0.000011572590173812282
arm64simd_mmm_f32_12x8_a55 12 8 1 512 1 0.000011602937865429239
arm64simd_mmm_f32_24x4_gen 24 4 1 512 1 0.000013256519628647214
arm64simd_mmm_f32_12x8_gen 12 8 1 512 1 0.000014174654375000001
arm64simd_mmm_f32_32x3_gen 32 3 1 512 1 0.000015416235246913586
arm64simd_mmm_f32_64x1_a55 64 1 1 512 1 0.000018907895698113204
arm64simd_mmm_f32_64x1_a53 64 1 1 512 1 0.000019298123791102515
arm64simd_mmm_f32_64x1_gen 64 1 1 512 1 0.000020734355916666668
arm64simd_mmm_f32_32x1_gen 32 1 2 8 1 0.0000007283660525131284
arm64simd_mmm_f32_64x1_a53 64 1 2 8 1 0.0000008243961992465466
arm64simd_mmm_f32_64x1_a55 64 1 2 8 1 0.0000008429259548872181
arm64simd_mmm_f32_8x8_a55 8 8 2 8 1 0.0000008456130550861776
arm64simd_mmm_f32_16x4_a55 16 4 2 8 1 0.0000008533956039839959
arm64simd_mmm_f32_64x1_gen 64 1 2 8 1 0.0000008663979249754351
arm64simd_mmm_f32_8x8_a53 8 8 2 8 1 0.0000008704518660287082
arm64simd_mmm_f32_8x8_gen 8 8 2 8 1 0.0000008850028039041705
arm64simd_mmm_f32_16x4_a53 16 4 2 8 1 0.0000008864903563198017
arm64simd_mmm_f32_16x4_gen 16 4 2 8 1 0.0000008927071244014818
arm64simd_mmm_f32_12x8_a55 12 8 2 8 1 0.0000009053737806081262
arm64simd_mmm_f32_24x4_a55 24 4 2 8 1 0.0000009156050969223706
arm64simd_mmm_f32_12x8_a53 12 8 2 8 1 0.0000009191831615624427
arm64simd_mmm_f32_24x4_a53 24 4 2 8 1 0.0000009334745031258748
arm64simd_mmm_f32_12x8_gen 12 8 2 8 1 0.0000009362887540604696
arm64simd_mmm_f32_24x4_gen 24 4 2 8 1 0.0000009699234434238814
arm64simd_mmm_f32_32x3_gen 32 3 2 8 1 0.0000009833414064555295
arm64simd_mmm_f32_8x8_a55 8 8 2 32 1 0.0000010543812510530752
arm64simd_mmm_f32_16x4_a55 16 4 2 32 1 0.000001057872002526061
arm64simd_mmm_f32_32x1_gen 32 1 2 32 1 0.0000010769134399825878
arm64simd_mmm_f32_8x8_a53 8 8 2 32 1 0.000001144486549306508
arm64simd_mmm_f32_16x4_a53 16 4 2 32 1 0.0000011470157567412506
arm64simd_mmm_f32_8x8_gen 8 8 2 32 1 0.0000011804785148514847
arm64simd_mmm_f32_12x8_a55 12 8 2 32 1 0.0000012133672116082224
arm64simd_mmm_f32_16x4_gen 16 4 2 32 1 0.0000012359953829384666
arm64simd_mmm_f32_24x4_a55 24 4 2 32 1 0.0000012659073713420789
arm64simd_mmm_f32_12x8_a53 12 8 2 32 1 0.0000012977747117502266
arm64simd_mmm_f32_24x4_a53 24 4 2 32 1 0.0000013321323224007436
arm64simd_mmm_f32_12x8_gen 12 8 2 32 1 0.0000013706666849540531
arm64simd_mmm_f32_64x1_a55 64 1 2 32 1 0.0000014257046753986333
arm64simd_mmm_f32_64x1_a53 64 1 2 32 1 0.0000014396072805507746
arm64simd_mmm_f32_24x4_gen 24 4 2 32 1 0.0000014719451876819364
arm64simd_mmm_f32_32x3_gen 32 3 2 32 1 0.000001564559029768467
arm64simd_mmm_f32_64x1_gen 64 1 2 32 1 0.0000015878758659738877
arm64simd_mmm_f32_16x4_a55 16 4 2 128 1 0.0000018914531242916508
arm64simd_mmm_f32_8x8_a55 8 8 2 128 1 0.0000018958183726731602
arm64simd_mmm_f32_16x4_a53 16 4 2 128 1 0.0000022449022789344073
arm64simd_mmm_f32_8x8_a53 8 8 2 128 1 0.000002268752337129841
arm64simd_mmm_f32_8x8_gen 8 8 2 128 1 0.0000024153874987858183
arm64simd_mmm_f32_32x1_gen 32 1 2 128 1 0.000002473660766135723
arm64simd_mmm_f32_12x8_a55 12 8 2 128 1 0.0000025343188722377442
arm64simd_mmm_f32_16x4_gen 16 4 2 128 1 0.000002611448659144582
arm64simd_mmm_f32_24x4_a55 24 4 2 128 1 0.000002727904178697902
arm64simd_mmm_f32_12x8_a53 12 8 2 128 1 0.000002804204219977553
arm64simd_mmm_f32_24x4_a53 24 4 2 128 1 0.00000302864468097974
arm64simd_mmm_f32_12x8_gen 12 8 2 128 1 0.0000031463845645263822
arm64simd_mmm_f32_24x4_gen 24 4 2 128 1 0.0000036391669100108427
arm64simd_mmm_f32_32x3_gen 32 3 2 128 1 0.0000040679432809351065
arm64simd_mmm_f32_64x1_a53 64 1 2 128 1 0.000004730224650499287
arm64simd_mmm_f32_64x1_a55 64 1 2 128 1 0.000005090383250127355
arm64simd_mmm_f32_64x1_gen 64 1 2 128 1 0.000005783185286292654
arm64simd_mmm_f32_8x8_a55 8 8 2 512 1 0.000006729295951417006
arm64simd_mmm_f32_16x4_a55 16 4 2 512 1 0.000007328716073260074
arm64simd_mmm_f32_8x8_a53 8 8 2 512 1 0.000007408320476190475
arm64simd_mmm_f32_16x4_a53 16 4 2 512 1 0.000008259561057851239
arm64simd_mmm_f32_8x8_gen 8 8 2 512 1 0.000008731555039301309
arm64simd_mmm_f32_12x8_a55 12 8 2 512 1 0.000008801413415492958
arm64simd_mmm_f32_16x4_gen 16 4 2 512 1 0.000009380174183864916
arm64simd_mmm_f32_24x4_a55 24 4 2 512 1 0.000009783413751224287
arm64simd_mmm_f32_12x8_a53 12 8 2 512 1 0.00001023662988741044
arm64simd_mmm_f32_32x1_gen 32 1 2 512 1 0.000010309367512899898
arm64simd_mmm_f32_12x8_gen 12 8 2 512 1 0.000011242894434389142
arm64simd_mmm_f32_24x4_a53 24 4 2 512 1 0.000011586701509872241
arm64simd_mmm_f32_24x4_gen 24 4 2 512 1 0.000013249522172185431
arm64simd_mmm_f32_32x3_gen 32 3 2 512 1 0.00001536568
arm64simd_mmm_f32_64x1_a55 64 1 2 512 1 0.000019150370173410406
arm64simd_mmm_f32_64x1_a53 64 1 2 512 1 0.00001928383598455599
arm64simd_mmm_f32_64x1_gen 64 1 2 512 1 0.000022012347284768212
arm64simd_mmm_f32_32x1_gen 32 1 4 8 1 0.0000007349834958452827
arm64simd_mmm_f32_64x1_a53 64 1 4 8 1 0.0000008355783699740866
arm64simd_mmm_f32_8x8_a55 8 8 4 8 1 0.0000008508949217687076
arm64simd_mmm_f32_64x1_a55 64 1 4 8 1 0.0000008542169250355144
arm64simd_mmm_f32_16x4_a55 16 4 4 8 1 0.0000008585136814712004
arm64simd_mmm_f32_64x1_gen 64 1 4 8 1 0.0000008747660534549427
arm64simd_mmm_f32_8x8_a53 8 8 4 8 1 0.0000008752687754923414
arm64simd_mmm_f32_8x8_gen 8 8 4 8 1 0.0000008904529557084878
arm64simd_mmm_f32_16x4_gen 16 4 4 8 1 0.0000009016607834744999
arm64simd_mmm_f32_16x4_a53 16 4 4 8 1 0.0000009040887332123415
arm64simd_mmm_f32_12x8_a55 12 8 4 8 1 0.0000009117903755425551
arm64simd_mmm_f32_24x4_a55 24 4 4 8 1 0.0000009234704980559159
arm64simd_mmm_f32_12x8_a53 12 8 4 8 1 0.0000009237051133289806
arm64simd_mmm_f32_24x4_a53 24 4 4 8 1 0.0000009409470688845035
arm64simd_mmm_f32_12x8_gen 12 8 4 8 1 0.0000009416060772855795
arm64simd_mmm_f32_24x4_gen 24 4 4 8 1 0.000000970355930356451
arm64simd_mmm_f32_32x3_gen 32 3 4 8 1 0.0000009868124481658692
arm64simd_mmm_f32_8x8_a55 8 8 4 32 1 0.0000010635393507184672
arm64simd_mmm_f32_16x4_a55 16 4 4 32 1 0.0000010664615479744138
arm64simd_mmm_f32_32x1_gen 32 1 4 32 1 0.0000010859930793444047
arm64simd_mmm_f32_8x8_a53 8 8 4 32 1 0.0000011545734240827478
arm64simd_mmm_f32_16x4_a53 16 4 4 32 1 0.0000011552393539455468
arm64simd_mmm_f32_8x8_gen 8 8 4 32 1 0.000001190057210140574
arm64simd_mmm_f32_12x8_a55 12 8 4 32 1 0.0000012249427031001103
arm64simd_mmm_f32_16x4_gen 16 4 4 32 1 0.0000012425583769698474
arm64simd_mmm_f32_24x4_a55 24 4 4 32 1 0.0000012759976554536188
arm64simd_mmm_f32_12x8_a53 12 8 4 32 1 0.0000013092600470219438
arm64simd_mmm_f32_24x4_a53 24 4 4 32 1 0.0000013420829424116519
arm64simd_mmm_f32_12x8_gen 12 8 4 32 1 0.0000013826386737657306
arm64simd_mmm_f32_64x1_a55 64 1 4 32 1 0.000001433654273858921
arm64simd_mmm_f32_64x1_a53 64 1 4 32 1 0.0000014431751268742792
arm64simd_mmm_f32_24x4_gen 24 4 4 32 1 0.0000014800235372274372
arm64simd_mmm_f32_32x3_gen 32 3 4 32 1 0.0000015733020993086113
arm64simd_mmm_f32_64x1_gen 64 1 4 32 1 0.000001594758549904337
arm64simd_mmm_f32_16x4_a55 16 4 4 128 1 0.0000018939083624696641
arm64simd_mmm_f32_8x8_a55 8 8 4 128 1 0.0000019007298950183217
arm64simd_mmm_f32_8x8_a53 8 8 4 128 1 0.000002268442112451628
arm64simd_mmm_f32_16x4_a53 16 4 4 128 1 0.0000022777965193496677
arm64simd_mmm_f32_8x8_gen 8 8 4 128 1 0.000002416369040963855
arm64simd_mmm_f32_32x1_gen 32 1 4 128 1 0.0000024668498205947405
arm64simd_mmm_f32_12x8_a55 12 8 4 128 1 0.000002575857268767615
arm64simd_mmm_f32_16x4_gen 16 4 4 128 1 0.0000026199540425531916
arm64simd_mmm_f32_24x4_a55 24 4 4 128 1 0.000002788297271966527
arm64simd_mmm_f32_12x8_a53 12 8 4 128 1 0.0000028321898253337124
arm64simd_mmm_f32_24x4_a53 24 4 4 128 1 0.0000030035727831325306
arm64simd_mmm_f32_12x8_gen 12 8 4 128 1 0.0000032090027346017416
arm64simd_mmm_f32_24x4_gen 24 4 4 128 1 0.000003823978169283799
arm64simd_mmm_f32_32x3_gen 32 3 4 128 1 0.000004057677423014586
arm64simd_mmm_f32_64x1_a53 64 1 4 128 1 0.000004705172160756501
arm64simd_mmm_f32_64x1_a55 64 1 4 128 1 0.000005195159772374547
arm64simd_mmm_f32_64x1_gen 64 1 4 128 1 0.0000058669488667058145
arm64simd_mmm_f32_8x8_a55 8 8 4 512 1 0.000006810684529331513
arm64simd_mmm_f32_16x4_a55 16 4 4 512 1 0.00000730642294890511
arm64simd_mmm_f32_8x8_a53 8 8 4 512 1 0.000007417939525222551
arm64simd_mmm_f32_16x4_a53 16 4 4 512 1 0.000008270181207609594
arm64simd_mmm_f32_8x8_gen 8 8 4 512 1 0.000008805246961130742
arm64simd_mmm_f32_12x8_a55 12 8 4 512 1 0.000008891155523978688
arm64simd_mmm_f32_16x4_gen 16 4 4 512 1 0.00000936705586529467
arm64simd_mmm_f32_24x4_a55 24 4 4 512 1 0.00000977474338220919
arm64simd_mmm_f32_12x8_a53 12 8 4 512 1 0.000010282107954779035
arm64simd_mmm_f32_32x1_gen 32 1 4 512 1 0.000010439371912225708
arm64simd_mmm_f32_12x8_gen 12 8 4 512 1 0.000011355083234624143
arm64simd_mmm_f32_24x4_a53 24 4 4 512 1 0.000011538005767012687
arm64simd_mmm_f32_24x4_gen 24 4 4 512 1 0.000013207915984147951
arm64simd_mmm_f32_32x3_gen 32 3 4 512 1 0.00001533812909904495
arm64simd_mmm_f32_64x1_a55 64 1 4 512 1 0.00001924187501915709
arm64simd_mmm_f32_64x1_a53 64 1 4 512 1 0.00001931151566731141
arm64simd_mmm_f32_64x1_gen 64 1 4 512 1 0.00002055439557377049
arm64simd_mmm_f32_32x1_gen 32 1 8 8 1 0.0000007570289017158717
arm64simd_mmm_f32_64x1_a53 64 1 8 8 1 0.0000008571159023228112
arm64simd_mmm_f32_8x8_a55 8 8 8 8 1 0.000000873881127990222
arm64simd_mmm_f32_64x1_a55 64 1 8 8 1 0.0000008763585605463621
arm64simd_mmm_f32_16x4_a55 16 4 8 8 1 0.0000008810111318906403
arm64simd_mmm_f32_64x1_gen 64 1 8 8 1 0.0000008968975290915077
arm64simd_mmm_f32_8x8_a53 8 8 8 8 1 0.0000008972665448028671
arm64simd_mmm_f32_8x8_gen 8 8 8 8 1 0.0000009044195534407028
arm64simd_mmm_f32_16x4_a53 16 4 8 8 1 0.0000009079424042128201
arm64simd_mmm_f32_16x4_gen 16 4 8 8 1 0.0000009221553582410825
arm64simd_mmm_f32_12x8_a55 12 8 8 8 1 0.0000009264994276187829
arm64simd_mmm_f32_24x4_a55 24 4 8 8 1 0.0000009479815990109209
arm64simd_mmm_f32_12x8_a53 12 8 8 8 1 0.000000949884108108108
arm64simd_mmm_f32_24x4_a53 24 4 8 8 1 0.0000009609548161212589
arm64simd_mmm_f32_12x8_gen 12 8 8 8 1 0.0000009631654146769323
arm64simd_mmm_f32_24x4_gen 24 4 8 8 1 0.0000009959788619180263
arm64simd_mmm_f32_32x3_gen 32 3 8 8 1 0.0000010138930783380585
arm64simd_mmm_f32_8x8_a55 8 8 8 32 1 0.0000010839689437229437
arm64simd_mmm_f32_16x4_a55 16 4 8 32 1 0.0000010862611002639478
arm64simd_mmm_f32_32x1_gen 32 1 8 32 1 0.0000011057838129893042
arm64simd_mmm_f32_16x4_a53 16 4 8 32 1 0.000001174766963457047
arm64simd_mmm_f32_8x8_a53 8 8 8 32 1 0.0000011774855399952528
arm64simd_mmm_f32_8x8_gen 8 8 8 32 1 0.0000012120415580597747
arm64simd_mmm_f32_12x8_a55 12 8 8 32 1 0.0000012456828483023914
arm64simd_mmm_f32_16x4_gen 16 4 8 32 1 0.0000012639932607403633
arm64simd_mmm_f32_24x4_a55 24 4 8 32 1 0.0000012900505280341698
arm64simd_mmm_f32_12x8_a53 12 8 8 32 1 0.000001328056041142454
arm64simd_mmm_f32_24x4_a53 24 4 8 32 1 0.0000013638255228758168
arm64simd_mmm_f32_12x8_gen 12 8 8 32 1 0.0000014001653894616267
arm64simd_mmm_f32_64x1_a55 64 1 8 32 1 0.0000014520905275463977
arm64simd_mmm_f32_64x1_a53 64 1 8 32 1 0.0000014609583394689048
arm64simd_mmm_f32_24x4_gen 24 4 8 32 1 0.0000015001028147549953
arm64simd_mmm_f32_32x3_gen 32 3 8 32 1 0.0000015927453615127926
arm64simd_mmm_f32_64x1_gen 64 1 8 32 1 0.0000016176117961947756
arm64simd_mmm_f32_16x4_a55 16 4 8 128 1 0.000001921175196911197
arm64simd_mmm_f32_8x8_a55 8 8 8 128 1 0.000001927513477756287
arm64simd_mmm_f32_16x4_a53 16 4 8 128 1 0.000002277733339424395
arm64simd_mmm_f32_8x8_a53 8 8 8 128 1 0.0000023056024781206813
arm64simd_mmm_f32_8x8_gen 8 8 8 128 1 0.0000024475793523061826
arm64simd_mmm_f32_12x8_a55 12 8 8 128 1 0.00000250252755521706
arm64simd_mmm_f32_32x1_gen 32 1 8 128 1 0.000002529939005803684
arm64simd_mmm_f32_16x4_gen 16 4 8 128 1 0.000002643393502109705
arm64simd_mmm_f32_24x4_a55 24 4 8 128 1 0.000002716566178950232
arm64simd_mmm_f32_12x8_a53 12 8 8 128 1 0.0000028382048498583573
arm64simd_mmm_f32_24x4_a53 24 4 8 128 1 0.0000030104177284986516
arm64simd_mmm_f32_12x8_gen 12 8 8 128 1 0.0000031454827983539093
arm64simd_mmm_f32_24x4_gen 24 4 8 128 1 0.0000036005134887056296
arm64simd_mmm_f32_32x3_gen 32 3 8 128 1 0.000003999567652451176
arm64simd_mmm_f32_64x1_a53 64 1 8 128 1 0.000004715590814393939
arm64simd_mmm_f32_64x1_a55 64 1 8 128 1 0.000005240514869655891
arm64simd_mmm_f32_64x1_gen 64 1 8 128 1 0.0000059238691641967985
arm64simd_mmm_f32_8x8_a55 8 8 8 512 1 0.000006765253134328358
arm64simd_mmm_f32_16x4_a55 16 4 8 512 1 0.000007096151038406829
arm64simd_mmm_f32_8x8_a53 8 8 8 512 1 0.000007422709072011877
arm64simd_mmm_f32_16x4_a53 16 4 8 512 1 0.000008224367368421053
arm64simd_mmm_f32_12x8_a55 12 8 8 512 1 0.000008808860194174758
arm64simd_mmm_f32_8x8_gen 8 8 8 512 1 0.000009035094919987923
arm64simd_mmm_f32_16x4_gen 16 4 8 512 1 0.000009349157677902622
arm64simd_mmm_f32_24x4_a55 24 4 8 512 1 0.000009751144522417153
arm64simd_mmm_f32_12x8_a53 12 8 8 512 1 0.000010237974969325152
arm64simd_mmm_f32_32x1_gen 32 1 8 512 1 0.00001085905139130435
arm64simd_mmm_f32_12x8_gen 12 8 8 512 1 0.000011262459457013576
arm64simd_mmm_f32_24x4_a53 24 4 8 512 1 0.0000114457606880734
arm64simd_mmm_f32_24x4_gen 24 4 8 512 1 0.000013272973882248782
arm64simd_mmm_f32_32x3_gen 32 3 8 512 1 0.000015401824024139705
arm64simd_mmm_f32_64x1_a55 64 1 8 512 1 0.000019243613410404626
arm64simd_mmm_f32_64x1_a53 64 1 8 512 1 0.00001933784279069768
arm64simd_mmm_f32_64x1_gen 64 1 8 512 1 0.000020524495390946504
arm64simd_mmm_f32_32x1_gen 32 1 16 8 1 0.0000007941452579141892
arm64simd_mmm_f32_64x1_a53 64 1 16 8 1 0.0000008916356108638386
arm64simd_mmm_f32_64x1_a55 64 1 16 8 1 0.0000009070173951434879
arm64simd_mmm_f32_16x4_a55 16 4 16 8 1 0.0000009119484647605175
arm64simd_mmm_f32_64x1_gen 64 1 16 8 1 0.0000009302238115064349
arm64simd_mmm_f32_16x4_a53 16 4 16 8 1 0.0000009365160962817272
arm64simd_mmm_f32_16x4_gen 16 4 16 8 1 0.0000009575210060346198
arm64simd_mmm_f32_24x4_a55 24 4 16 8 1 0.0000009828000458010272
arm64simd_mmm_f32_24x4_a53 24 4 16 8 1 0.0000010105628816813178
arm64simd_mmm_f32_24x4_gen 24 4 16 8 1 0.0000010262041545387918
arm64simd_mmm_f32_32x3_gen 32 3 16 8 1 0.0000010434749311639551
arm64simd_mmm_f32_8x8_a55 8 8 16 8 1 0.0000011854028837096966
arm64simd_mmm_f32_8x8_a53 8 8 16 8 1 0.0000012329356438085841
arm64simd_mmm_f32_8x8_gen 8 8 16 8 1 0.000001254853012230488
arm64simd_mmm_f32_12x8_a55 12 8 16 8 1 0.0000012799082526369295
arm64simd_mmm_f32_12x8_a53 12 8 16 8 1 0.0000013184163813161243
arm64simd_mmm_f32_12x8_gen 12 8 16 8 1 0.0000013547481888966109
arm64simd_mmm_f32_16x4_a55 16 4 16 32 1 0.0000011194425813667378
arm64simd_mmm_f32_32x1_gen 32 1 16 32 1 0.0000011385199613284805
arm64simd_mmm_f32_16x4_a53 16 4 16 32 1 0.0000012125788945454546
arm64simd_mmm_f32_16x4_gen 16 4 16 32 1 0.0000012981000440243425
arm64simd_mmm_f32_24x4_a55 24 4 16 32 1 0.000001326037710508923
arm64simd_mmm_f32_24x4_a53 24 4 16 32 1 0.0000013928497190542422
arm64simd_mmm_f32_64x1_a55 64 1 16 32 1 0.0000014869938142497406
arm64simd_mmm_f32_64x1_a53 64 1 16 32 1 0.0000014955064140811456
arm64simd_mmm_f32_24x4_gen 24 4 16 32 1 0.000001532503439607603
arm64simd_mmm_f32_8x8_a55 8 8 16 32 1 0.0000016077105307172725
arm64simd_mmm_f32_32x3_gen 32 3 16 32 1 0.0000016265229965725475
arm64simd_mmm_f32_64x1_gen 64 1 16 32 1 0.0000016478358839619922
arm64simd_mmm_f32_8x8_a53 8 8 16 32 1 0.0000017899726958073147
arm64simd_mmm_f32_8x8_gen 8 8 16 32 1 0.0000018645596544600938
arm64simd_mmm_f32_12x8_a55 12 8 16 32 1 0.0000019132573126317812
arm64simd_mmm_f32_12x8_a53 12 8 16 32 1 0.0000020694261525773195
arm64simd_mmm_f32_12x8_gen 12 8 16 32 1 0.0000022280156040494934
arm64simd_mmm_f32_16x4_a55 16 4 16 128 1 0.000001950177610980419
arm64simd_mmm_f32_16x4_a53 16 4 16 128 1 0.0000023039326476719945
arm64simd_mmm_f32_32x1_gen 32 1 16 128 1 0.000002529818258227848
arm64simd_mmm_f32_16x4_gen 16 4 16 128 1 0.0000026706144893980016
arm64simd_mmm_f32_24x4_a55 24 4 16 128 1 0.0000027428146050833554
arm64simd_mmm_f32_24x4_a53 24 4 16 128 1 0.0000030478878400484706
arm64simd_mmm_f32_8x8_a55 8 8 16 128 1 0.000003385180291454442
arm64simd_mmm_f32_24x4_gen 24 4 16 128 1 0.000003617685077757685
arm64simd_mmm_f32_32x3_gen 32 3 16 128 1 0.0000040753809057527544
arm64simd_mmm_f32_8x8_a53 8 8 16 128 1 0.000004091999083469722
arm64simd_mmm_f32_8x8_gen 8 8 16 128 1 0.00000438767710626743
arm64simd_mmm_f32_12x8_a55 12 8 16 128 1 0.0000045808532362312246
arm64simd_mmm_f32_64x1_a53 64 1 16 128 1 0.000004787572744721689
arm64simd_mmm_f32_12x8_a53 12 8 16 128 1 0.000005163216872427983
arm64simd_mmm_f32_64x1_a55 64 1 16 128 1 0.000005330592582359192
arm64simd_mmm_f32_12x8_gen 12 8 16 128 1 0.000005869258407494145
arm64simd_mmm_f32_64x1_gen 64 1 16 128 1 0.000005903685420118344
arm64simd_mmm_f32_16x4_a55 16 4 16 512 1 0.000007918910277998411
arm64simd_mmm_f32_16x4_a53 16 4 16 512 1 0.000008327725298362477
arm64simd_mmm_f32_24x4_a55 24 4 16 512 1 0.000009716364288499024
arm64simd_mmm_f32_16x4_gen 16 4 16 512 1 0.000010213840081799593
arm64simd_mmm_f32_32x1_gen 32 1 16 512 1 0.00001047975907660021
arm64simd_mmm_f32_24x4_a53 24 4 16 512 1 0.000011868856789536268
arm64simd_mmm_f32_8x8_a55 8 8 16 512 1 0.000013975908857808861
arm64simd_mmm_f32_24x4_gen 24 4 16 512 1 0.000014557269387755099
arm64simd_mmm_f32_8x8_a53 8 8 16 512 1 0.000014772290871491878
arm64simd_mmm_f32_32x3_gen 32 3 16 512 1 0.000015363959384615386
arm64simd_mmm_f32_8x8_gen 8 8 16 512 1 0.000017083795890410958
arm64simd_mmm_f32_12x8_a55 12 8 16 512 1 0.00001934294914728682
arm64simd_mmm_f32_64x1_a53 64 1 16 512 1 0.000019386482605177992
arm64simd_mmm_f32_12x8_a53 12 8 16 512 1 0.00002024542315789474
arm64simd_mmm_f32_64x1_gen 64 1 16 512 1 0.000020574156973415125
arm64simd_mmm_f32_64x1_a55 64 1 16 512 1 0.00002093420615384615
arm64simd_mmm_f32_12x8_gen 12 8 16 512 1 0.000024109078547215494
arm64simd_mmm_f32_32x1_gen 32 1 24 8 1 0.0000008249606817805727
arm64simd_mmm_f32_64x1_a53 64 1 24 8 1 0.000000918697125045838
arm64simd_mmm_f32_64x1_a55 64 1 24 8 1 0.0000009349377026522229
arm64simd_mmm_f32_64x1_gen 64 1 24 8 1 0.0000009642999478163133
arm64simd_mmm_f32_24x4_a55 24 4 24 8 1 0.0000010095606981227804
arm64simd_mmm_f32_24x4_a53 24 4 24 8 1 0.00000102901697554962
arm64simd_mmm_f32_24x4_gen 24 4 24 8 1 0.000001058012489751542
arm64simd_mmm_f32_32x3_gen 32 3 24 8 1 0.0000010741591063140852
arm64simd_mmm_f32_16x4_a55 16 4 24 8 1 0.0000012261375100794137
arm64simd_mmm_f32_16x4_a53 16 4 24 8 1 0.000001270593479912361
arm64simd_mmm_f32_16x4_gen 16 4 24 8 1 0.0000013078359934677341
arm64simd_mmm_f32_12x8_a55 12 8 24 8 1 0.0000013133693946479602
arm64simd_mmm_f32_12x8_a53 12 8 24 8 1 0.0000013425309437019036
arm64simd_mmm_f32_12x8_gen 12 8 24 8 1 0.0000013874039557948427
arm64simd_mmm_f32_8x8_a55 8 8 24 8 1 0.0000014794716379217708
arm64simd_mmm_f32_8x8_a53 8 8 24 8 1 0.00000155696009055968
arm64simd_mmm_f32_8x8_gen 8 8 24 8 1 0.000001581361057268723
arm64simd_mmm_f32_32x1_gen 32 1 24 32 1 0.0000011692675993937272
arm64simd_mmm_f32_24x4_a55 24 4 24 32 1 0.000001365224023686125
arm64simd_mmm_f32_24x4_a53 24 4 24 32 1 0.0000014312349542857143
arm64simd_mmm_f32_64x1_a55 64 1 24 32 1 0.0000015148411680369467
arm64simd_mmm_f32_64x1_a53 64 1 24 32 1 0.0000015340276765799256
arm64simd_mmm_f32_24x4_gen 24 4 24 32 1 0.0000015683539414802067
arm64simd_mmm_f32_16x4_a55 16 4 24 32 1 0.0000016388940366972477
arm64simd_mmm_f32_32x3_gen 32 3 24 32 1 0.0000016567474370860924
arm64simd_mmm_f32_64x1_gen 64 1 24 32 1 0.0000016826048206503518
arm64simd_mmm_f32_16x4_a53 16 4 24 32 1 0.0000018168378107267069
arm64simd_mmm_f32_12x8_a55 12 8 24 32 1 0.0000019418874364447894
arm64simd_mmm_f32_16x4_gen 16 4 24 32 1 0.0000020027722286397133
arm64simd_mmm_f32_12x8_a53 12 8 24 32 1 0.0000021077742724588782
arm64simd_mmm_f32_8x8_a55 8 8 24 32 1 0.000002113642329113924
arm64simd_mmm_f32_12x8_gen 12 8 24 32 1 0.0000022522073401329365
arm64simd_mmm_f32_8x8_a53 8 8 24 32 1 0.0000023919501972101965
arm64simd_mmm_f32_8x8_gen 8 8 24 32 1 0.000002501384519350811
arm64simd_mmm_f32_32x1_gen 32 1 24 128 1 0.0000025565679377431912
arm64simd_mmm_f32_24x4_a55 24 4 24 128 1 0.000002782927073847862
arm64simd_mmm_f32_24x4_a53 24 4 24 128 1 0.000003075652177121771
arm64simd_mmm_f32_16x4_a55 16 4 24 128 1 0.000003378179697682231
arm64simd_mmm_f32_24x4_gen 24 4 24 128 1 0.000003646919226841721
arm64simd_mmm_f32_32x3_gen 32 3 24 128 1 0.000004074988105906313
arm64simd_mmm_f32_16x4_a53 16 4 24 128 1 0.0000040842518126272915
arm64simd_mmm_f32_64x1_a53 64 1 24 128 1 0.000004794163152330611
arm64simd_mmm_f32_16x4_gen 16 4 24 128 1 0.000004819727591522159
arm64simd_mmm_f32_12x8_a55 12 8 24 128 1 0.000004875626991236612
arm64simd_mmm_f32_8x8_a55 8 8 24 128 1 0.000004993514223107569
arm64simd_mmm_f32_12x8_a53 12 8 24 128 1 0.000005248877184873949
arm64simd_mmm_f32_64x1_a55 64 1 24 128 1 0.000005362139658119659
arm64simd_mmm_f32_8x8_a53 8 8 24 128 1 0.0000059783903473053885
arm64simd_mmm_f32_64x1_gen 64 1 24 128 1 0.000006048651016383495
arm64simd_mmm_f32_12x8_gen 12 8 24 128 1 0.000006153065606900801
arm64simd_mmm_f32_8x8_gen 8 8 24 128 1 0.000006505291992212848
arm64simd_mmm_f32_24x4_a55 24 4 24 512 1 0.000009874324698914117
arm64simd_mmm_f32_32x1_gen 32 1 24 512 1 0.00001044188444910808
arm64simd_mmm_f32_24x4_a53 24 4 24 512 1 0.000011743032479435954
arm64simd_mmm_f32_24x4_gen 24 4 24 512 1 0.000013444200996863796
arm64simd_mmm_f32_16x4_a55 16 4 24 512 1 0.00001381358767955801
arm64simd_mmm_f32_32x3_gen 32 3 24 512 1 0.00001546227876160991
arm64simd_mmm_f32_16x4_a53 16 4 24 512 1 0.00001684532713804714
arm64simd_mmm_f32_16x4_gen 16 4 24 512 1 0.000017642717883597885
arm64simd_mmm_f32_64x1_a55 64 1 24 512 1 0.000018961285388994307
arm64simd_mmm_f32_64x1_a53 64 1 24 512 1 0.000019370340542635658
arm64simd_mmm_f32_64x1_gen 64 1 24 512 1 0.000020679953251028805
arm64simd_mmm_f32_12x8_a53 12 8 24 512 1 0.000020712372670807453
arm64simd_mmm_f32_12x8_a55 12 8 24 512 1 0.000021056213164556966
arm64simd_mmm_f32_8x8_a53 8 8 24 512 1 0.00002223710173719376
arm64simd_mmm_f32_8x8_a55 8 8 24 512 1 0.000022672431564625845
arm64simd_mmm_f32_12x8_gen 12 8 24 512 1 0.000025602081743589745
arm64simd_mmm_f32_8x8_gen 8 8 24 512 1 0.000028726649425287356
arm64simd_mmm_f32_32x1_gen 32 1 32 8 1 0.0000006584740586490937
arm64simd_mmm_f32_64x1_a53 64 1 32 8 1 0.0000009574970792981112
arm64simd_mmm_f32_64x1_a55 64 1 32 8 1 0.0000009781044034728318
arm64simd_mmm_f32_64x1_gen 64 1 32 8 1 0.0000009985897090724784
arm64simd_mmm_f32_32x3_gen 32 3 32 8 1 0.0000011088672678927541
arm64simd_mmm_f32_16x4_a55 16 4 32 8 1 0.000001254784609924883
arm64simd_mmm_f32_16x4_a53 16 4 32 8 1 0.0000012997426534343173
arm64simd_mmm_f32_16x4_gen 16 4 32 8 1 0.000001343264247923922
arm64simd_mmm_f32_24x4_a55 24 4 32 8 1 0.0000013799607379870576
arm64simd_mmm_f32_24x4_a53 24 4 32 8 1 0.0000014563639428654297
arm64simd_mmm_f32_24x4_gen 24 4 32 8 1 0.0000014814978069913354
arm64simd_mmm_f32_12x8_a55 12 8 32 8 1 0.0000016609406062636076
arm64simd_mmm_f32_12x8_a53 12 8 32 8 1 0.0000017220962730563695
arm64simd_mmm_f32_12x8_gen 12 8 32 8 1 0.000001780405144076841
arm64simd_mmm_f32_8x8_a55 8 8 32 8 1 0.0000017845379013005527
arm64simd_mmm_f32_8x8_a53 8 8 32 8 1 0.0000018793275443228967
arm64simd_mmm_f32_8x8_gen 8 8 32 8 1 0.000001918373875214654
arm64simd_mmm_f32_32x1_gen 32 1 32 32 1 0.000001004688027980901
arm64simd_mmm_f32_64x1_a55 64 1 32 32 1 0.0000015502923877455565
arm64simd_mmm_f32_64x1_a53 64 1 32 32 1 0.0000015645796214511036
arm64simd_mmm_f32_16x4_a55 16 4 32 32 1 0.0000016700588551284202
arm64simd_mmm_f32_32x3_gen 32 3 32 32 1 0.000001693092209243271
arm64simd_mmm_f32_64x1_gen 64 1 32 32 1 0.0000017188056231784672
arm64simd_mmm_f32_16x4_a53 16 4 32 32 1 0.0000018475817914290974
arm64simd_mmm_f32_16x4_gen 16 4 32 32 1 0.000002028301563024913
arm64simd_mmm_f32_24x4_a55 24 4 32 32 1 0.0000020755472498953537
arm64simd_mmm_f32_24x4_a53 24 4 32 32 1 0.0000022222080339968687
arm64simd_mmm_f32_24x4_gen 24 4 32 32 1 0.000002491087550775097
arm64simd_mmm_f32_12x8_a55 12 8 32 32 1 0.000002603498756827048
arm64simd_mmm_f32_8x8_a55 8 8 32 32 1 0.000002623844887020494
arm64simd_mmm_f32_12x8_a53 12 8 32 32 1 0.0000028536377530652983
arm64simd_mmm_f32_8x8_a53 8 8 32 32 1 0.00000298962007796102
arm64simd_mmm_f32_12x8_gen 12 8 32 32 1 0.0000030828726502647154
arm64simd_mmm_f32_8x8_gen 8 8 32 32 1 0.000003138055190191764
arm64simd_mmm_f32_32x1_gen 32 1 32 128 1 0.0000024337917375455658
arm64simd_mmm_f32_16x4_a55 16 4 32 128 1 0.000003510620566235581
arm64simd_mmm_f32_32x3_gen 32 3 32 128 1 0.000004109622382133995
arm64simd_mmm_f32_16x4_a53 16 4 32 128 1 0.0000041426118163012
arm64simd_mmm_f32_64x1_a53 64 1 32 128 1 0.000004852012274719923
arm64simd_mmm_f32_16x4_gen 16 4 32 128 1 0.000004936703352941176
arm64simd_mmm_f32_24x4_a55 24 4 32 128 1 0.000005115500163766632
arm64simd_mmm_f32_64x1_a55 64 1 32 128 1 0.000005358535588865097
arm64simd_mmm_f32_24x4_a53 24 4 32 128 1 0.000005801084921282801
arm64simd_mmm_f32_64x1_gen 64 1 32 128 1 0.000006059034549878346
arm64simd_mmm_f32_8x8_a55 8 8 32 128 1 0.0000063587314430379755
arm64simd_mmm_f32_12x8_a55 12 8 32 128 1 0.000007130343846153844
arm64simd_mmm_f32_24x4_gen 24 4 32 128 1 0.000007323721263776636
arm64simd_mmm_f32_12x8_a53 12 8 32 128 1 0.000007664803639143731
arm64simd_mmm_f32_8x8_a53 8 8 32 128 1 0.000007712199720713732
arm64simd_mmm_f32_8x8_gen 8 8 32 128 1 0.000008394939732888148
arm64simd_mmm_f32_12x8_gen 12 8 32 128 1 0.000009039529418181816
arm64simd_mmm_f32_32x1_gen 32 1 32 512 1 0.000010264654030769232
arm64simd_mmm_f32_16x4_a55 16 4 32 512 1 0.000013865405686546465
arm64simd_mmm_f32_32x3_gen 32 3 32 512 1 0.000015481775627906977
arm64simd_mmm_f32_16x4_a53 16 4 32 512 1 0.000017225873941480207
arm64simd_mmm_f32_16x4_gen 16 4 32 512 1 0.000017745980532859677
arm64simd_mmm_f32_24x4_a55 24 4 32 512 1 0.00001914813034482759
arm64simd_mmm_f32_64x1_a55 64 1 32 512 1 0.000019387499299610896
arm64simd_mmm_f32_64x1_a53 64 1 32 512 1 0.000019446185964912282
arm64simd_mmm_f32_64x1_gen 64 1 32 512 1 0.000020856454024896264
arm64simd_mmm_f32_24x4_a53 24 4 32 512 1 0.000022958977298850576
arm64simd_mmm_f32_12x8_a55 12 8 32 512 1 0.000025058730653266334
arm64simd_mmm_f32_24x4_gen 24 4 32 512 1 0.000025809402901554404
arm64simd_mmm_f32_8x8_a53 8 8 32 512 1 0.000029496602011834314
arm64simd_mmm_f32_8x8_a55 8 8 32 512 1 0.000029654422857142857
arm64simd_mmm_f32_12x8_a53 12 8 32 512 1 0.00003036055535168196
arm64simd_mmm_f32_12x8_gen 12 8 32 512 1 0.000031826028753993615
arm64simd_mmm_f32_8x8_gen 8 8 32 512 1 0.00003443290910344829
arm64simd_mmm_f32_32x1_gen 32 1 48 8 1 0.0000010112994530369764
arm64simd_mmm_f32_64x1_a53 64 1 48 8 1 0.0000010206038582434515
arm64simd_mmm_f32_64x1_a55 64 1 48 8 1 0.0000010380202826267662
arm64simd_mmm_f32_64x1_gen 64 1 48 8 1 0.0000010598432550205063
arm64simd_mmm_f32_24x4_a55 24 4 48 8 1 0.0000014397113992779781
arm64simd_mmm_f32_24x4_a53 24 4 48 8 1 0.000001470645352898019
arm64simd_mmm_f32_24x4_gen 24 4 48 8 1 0.0000015359097254121368
arm64simd_mmm_f32_32x3_gen 32 3 48 8 1 0.0000015771591173202097
arm64simd_mmm_f32_16x4_a55 16 4 48 8 1 0.0000015792133796296299
arm64simd_mmm_f32_16x4_a53 16 4 48 8 1 0.0000016484642946399214
arm64simd_mmm_f32_16x4_gen 16 4 48 8 1 0.0000017139360698390961
arm64simd_mmm_f32_12x8_a55 12 8 48 8 1 0.00000203617743902439
arm64simd_mmm_f32_12x8_a53 12 8 48 8 1 0.0000021209235797997016
arm64simd_mmm_f32_12x8_gen 12 8 48 8 1 0.000002180525109199206
arm64simd_mmm_f32_8x8_a55 8 8 48 8 1 0.000002380219103053435
arm64simd_mmm_f32_8x8_a53 8 8 48 8 1 0.00000251797323685541
arm64simd_mmm_f32_8x8_gen 8 8 48 8 1 0.00000256957625745398
arm64simd_mmm_f32_64x1_a55 64 1 48 32 1 0.000001619267396456078
arm64simd_mmm_f32_64x1_a53 64 1 48 32 1 0.0000016307470384657477
arm64simd_mmm_f32_32x1_gen 32 1 48 32 1 0.0000017113626022941276
arm64simd_mmm_f32_64x1_gen 64 1 48 32 1 0.0000017844146203438398
arm64simd_mmm_f32_24x4_a55 24 4 48 32 1 0.0000021373575534645003
arm64simd_mmm_f32_16x4_a55 16 4 48 32 1 0.000002212324384530386
arm64simd_mmm_f32_24x4_a53 24 4 48 32 1 0.000002278274145895267
arm64simd_mmm_f32_16x4_a53 16 4 48 32 1 0.000002472026276358224
arm64simd_mmm_f32_24x4_gen 24 4 48 32 1 0.000002554353436514027
arm64simd_mmm_f32_16x4_gen 16 4 48 32 1 0.0000027456685527099454
arm64simd_mmm_f32_32x3_gen 32 3 48 32 1 0.0000027618746652030733
arm64simd_mmm_f32_12x8_a55 12 8 48 32 1 0.000003297011829508197
arm64simd_mmm_f32_12x8_a53 12 8 48 32 1 0.0000036033944703770204
arm64simd_mmm_f32_8x8_a55 8 8 48 32 1 0.0000036392396973012406
arm64simd_mmm_f32_12x8_gen 12 8 48 32 1 0.000003924933649289099
arm64simd_mmm_f32_8x8_a53 8 8 48 32 1 0.000004195003022670025
arm64simd_mmm_f32_8x8_gen 8 8 48 32 1 0.000004416100556783033
arm64simd_mmm_f32_64x1_a53 64 1 48 128 1 0.000004897186889106968
arm64simd_mmm_f32_24x4_a55 24 4 48 128 1 0.000005240128071092526
arm64simd_mmm_f32_64x1_a55 64 1 48 128 1 0.00000535075856146001
arm64simd_mmm_f32_16x4_a55 16 4 48 128 1 0.000005514029934354485
arm64simd_mmm_f32_24x4_a53 24 4 48 128 1 0.000005935842142857144
arm64simd_mmm_f32_64x1_gen 64 1 48 128 1 0.000006019817351154314
arm64simd_mmm_f32_32x1_gen 32 1 48 128 1 0.00000613678380368098
arm64simd_mmm_f32_16x4_a53 16 4 48 128 1 0.000006350076852791878
arm64simd_mmm_f32_24x4_gen 24 4 48 128 1 0.00000741721118694362
arm64simd_mmm_f32_16x4_gen 16 4 48 128 1 0.000007664126752851709
arm64simd_mmm_f32_32x3_gen 32 3 48 128 1 0.000009294584458834412
arm64simd_mmm_f32_12x8_a55 12 8 48 128 1 0.000009672464594594597
arm64simd_mmm_f32_8x8_a55 8 8 48 128 1 0.000010283152846865366
arm64simd_mmm_f32_12x8_a53 12 8 48 128 1 0.000010484681132075472
arm64simd_mmm_f32_8x8_a53 8 8 48 128 1 0.00001194131890083632
arm64simd_mmm_f32_12x8_gen 12 8 48 128 1 0.00001233162915841584
arm64simd_mmm_f32_8x8_gen 8 8 48 128 1 0.000013270829668874172
arm64simd_mmm_f32_24x4_a55 24 4 48 512 1 0.00001902020463878327
arm64simd_mmm_f32_64x1_a55 64 1 48 512 1 0.000019462623281249997
arm64simd_mmm_f32_64x1_a53 64 1 48 512 1 0.00001953965831702544
arm64simd_mmm_f32_64x1_gen 64 1 48 512 1 0.000020706453887733887
arm64simd_mmm_f32_32x1_gen 32 1 48 512 1 0.0000208990071278826
arm64simd_mmm_f32_16x4_a55 16 4 48 512 1 0.000021992430837004408
arm64simd_mmm_f32_24x4_a53 24 4 48 512 1 0.000023233657558139533
arm64simd_mmm_f32_16x4_a53 16 4 48 512 1 0.000025260132424242428
arm64simd_mmm_f32_24x4_gen 24 4 48 512 1 0.00002591816715025907
arm64simd_mmm_f32_16x4_gen 16 4 48 512 1 0.000026127169921671022
arm64simd_mmm_f32_32x3_gen 32 3 48 512 1 0.000030268355030303027
arm64simd_mmm_f32_12x8_a55 12 8 48 512 1 0.000033257949999999996
arm64simd_mmm_f32_8x8_a55 8 8 48 512 1 0.00003915046478431373
arm64simd_mmm_f32_12x8_a53 12 8 48 512 1 0.00004085154262295081
arm64simd_mmm_f32_12x8_gen 12 8 48 512 1 0.00004221852065677966
arm64simd_mmm_f32_8x8_a53 8 8 48 512 1 0.000046650682441314555
arm64simd_mmm_f32_8x8_gen 8 8 48 512 1 0.00004899212945812808
arm64simd_mmm_f32_64x1_a53 64 1 64 8 1 0.0000007494735995811831
arm64simd_mmm_f32_64x1_a55 64 1 64 8 1 0.0000007696504288799753
arm64simd_mmm_f32_64x1_gen 64 1 64 8 1 0.0000007890475329388558
arm64simd_mmm_f32_32x1_gen 32 1 64 8 1 0.0000008958345581146223
arm64simd_mmm_f32_32x3_gen 32 3 64 8 1 0.0000016466924072249592
arm64simd_mmm_f32_24x4_a55 24 4 64 8 1 0.0000018420954380776343
arm64simd_mmm_f32_24x4_a53 24 4 64 8 1 0.0000018988023217999625
arm64simd_mmm_f32_16x4_a55 16 4 64 8 1 0.0000019240936758386253
arm64simd_mmm_f32_24x4_gen 24 4 64 8 1 0.000001992832053838485
arm64simd_mmm_f32_16x4_a53 16 4 64 8 1 0.000002010978247464503
arm64simd_mmm_f32_16x4_gen 16 4 64 8 1 0.0000021049779127134725
arm64simd_mmm_f32_12x8_a55 12 8 64 8 1 0.000002722628112537558
arm64simd_mmm_f32_12x8_a53 12 8 64 8 1 0.0000028379326879271077
arm64simd_mmm_f32_12x8_gen 12 8 64 8 1 0.0000029547356126718473
arm64simd_mmm_f32_8x8_a55 8 8 64 8 1 0.0000029827151511523493
arm64simd_mmm_f32_8x8_a53 8 8 64 8 1 0.0000031683783481575607
arm64simd_mmm_f32_8x8_gen 8 8 64 8 1 0.0000032466005706874203
arm64simd_mmm_f32_64x1_a55 64 1 64 32 1 0.0000013438071942060086
arm64simd_mmm_f32_64x1_a53 64 1 64 32 1 0.0000013545141836038737
arm64simd_mmm_f32_64x1_gen 64 1 64 32 1 0.0000015072212984054672
arm64simd_mmm_f32_32x1_gen 32 1 64 32 1 0.0000015848172804080982
arm64simd_mmm_f32_16x4_a55 16 4 64 32 1 0.0000027473891359383594
arm64simd_mmm_f32_32x3_gen 32 3 64 32 1 0.0000028180074236052714
arm64simd_mmm_f32_24x4_a55 24 4 64 32 1 0.000002895949970913322
arm64simd_mmm_f32_24x4_a53 24 4 64 32 1 0.0000030985969507282315
arm64simd_mmm_f32_16x4_a53 16 4 64 32 1 0.0000031032104191244956
arm64simd_mmm_f32_16x4_gen 16 4 64 32 1 0.0000034631692383263984
arm64simd_mmm_f32_24x4_gen 24 4 64 32 1 0.0000035384106554504027
arm64simd_mmm_f32_12x8_a55 12 8 64 32 1 0.000004635155662650602
arm64simd_mmm_f32_8x8_a55 8 8 64 32 1 0.000004660116789547363
arm64simd_mmm_f32_12x8_a53 12 8 64 32 1 0.000005084803723296033
arm64simd_mmm_f32_8x8_a53 8 8 64 32 1 0.000005393599784250271
arm64simd_mmm_f32_12x8_gen 12 8 64 32 1 0.00000558637046603032
arm64simd_mmm_f32_8x8_gen 8 8 64 32 1 0.000005691383234624147
arm64simd_mmm_f32_64x1_a53 64 1 64 128 1 0.000004626451457753018
arm64simd_mmm_f32_64x1_a55 64 1 64 128 1 0.00000501382738322451
arm64simd_mmm_f32_64x1_gen 64 1 64 128 1 0.000005739064004602993
arm64simd_mmm_f32_32x1_gen 32 1 64 128 1 0.000005902837132784957
arm64simd_mmm_f32_16x4_a55 16 4 64 128 1 0.000007787867237354085
arm64simd_mmm_f32_24x4_a55 24 4 64 128 1 0.000007894568251968503
arm64simd_mmm_f32_16x4_a53 16 4 64 128 1 0.000008754159508771932
arm64simd_mmm_f32_32x3_gen 32 3 64 128 1 0.000008975790242152466
arm64simd_mmm_f32_24x4_a53 24 4 64 128 1 0.000009369291230046948
arm64simd_mmm_f32_16x4_gen 16 4 64 128 1 0.000010448948279457766
arm64simd_mmm_f32_24x4_gen 24 4 64 128 1 0.000010997093910256409
arm64simd_mmm_f32_8x8_a55 8 8 64 128 1 0.000013546443147896878
arm64simd_mmm_f32_12x8_a55 12 8 64 128 1 0.000014179595694050996
arm64simd_mmm_f32_8x8_a53 8 8 64 128 1 0.000015941364529505582
arm64simd_mmm_f32_12x8_a53 12 8 64 128 1 0.00001605156185897436
arm64simd_mmm_f32_8x8_gen 8 8 64 128 1 0.00001705072850340136
arm64simd_mmm_f32_12x8_gen 12 8 64 128 1 0.00001784622050179212
arm64simd_mmm_f32_64x1_a53 64 1 64 512 1 0.000019200247384615386
arm64simd_mmm_f32_64x1_a55 64 1 64 512 1 0.00001942632062868369
arm64simd_mmm_f32_64x1_gen 64 1 64 512 1 0.000020415168734693878
arm64simd_mmm_f32_32x1_gen 32 1 64 512 1 0.00002079133025
arm64simd_mmm_f32_24x4_a55 24 4 64 512 1 0.00002808575101123595
arm64simd_mmm_f32_16x4_a55 16 4 64 512 1 0.0000291015914619883
arm64simd_mmm_f32_32x3_gen 32 3 64 512 1 0.000030206658489425986
arm64simd_mmm_f32_16x4_a53 16 4 64 512 1 0.0000335686694949495
arm64simd_mmm_f32_24x4_a53 24 4 64 512 1 0.00003420397383561644
arm64simd_mmm_f32_16x4_gen 16 4 64 512 1 0.0000348420837688734
arm64simd_mmm_f32_24x4_gen 24 4 64 512 1 0.0000382257538697318
arm64simd_mmm_f32_12x8_a55 12 8 64 512 1 0.00004805330461538462
arm64simd_mmm_f32_12x8_a53 12 8 64 512 1 0.000060394097696969694
arm64simd_mmm_f32_8x8_a55 8 8 64 512 1 0.00006058321317073172
arm64simd_mmm_f32_12x8_gen 12 8 64 512 1 0.00006209565874999999
arm64simd_mmm_f32_8x8_a53 8 8 64 512 1 0.0000628994339240506
arm64simd_mmm_f32_8x8_gen 8 8 64 512 1 0.00006965140643356645
arm64simd_mmm_f32_32x1_gen 32 1 96 8 1 0.000001113877455877456
arm64simd_mmm_f32_64x1_a53 64 1 96 8 1 0.0000012798223377288435
arm64simd_mmm_f32_64x1_a55 64 1 96 8 1 0.0000013126038002882976
arm64simd_mmm_f32_64x1_gen 64 1 96 8 1 0.0000013545025707706898
arm64simd_mmm_f32_32x3_gen 32 3 96 8 1 0.000002176611809856084
arm64simd_mmm_f32_24x4_a55 24 4 96 8 1 0.0000022867066421343147
arm64simd_mmm_f32_24x4_a53 24 4 96 8 1 0.000002379814902705268
arm64simd_mmm_f32_24x4_gen 24 4 96 8 1 0.00000249066
arm64simd_mmm_f32_16x4_a55 16 4 96 8 1 0.00000258579533437014
arm64simd_mmm_f32_16x4_a53 16 4 96 8 1 0.0000027142264535356276
arm64simd_mmm_f32_16x4_gen 16 4 96 8 1 0.0000028581838584474897
arm64simd_mmm_f32_12x8_a55 12 8 96 8 1 0.000003486073638888889
arm64simd_mmm_f32_12x8_a53 12 8 96 8 1 0.0000036197956277056275
arm64simd_mmm_f32_12x8_gen 12 8 96 8 1 0.0000037691488152380952
arm64simd_mmm_f32_8x8_a55 8 8 96 8 1 0.000004186735397489541
arm64simd_mmm_f32_8x8_gen 8 8 96 8 1 0.000004567349164001827
arm64simd_mmm_f32_8x8_a53 8 8 96 8 1 0.000004628205533890436
arm64simd_mmm_f32_32x1_gen 32 1 96 32 1 0.0000021472333822894165
arm64simd_mmm_f32_64x1_a55 64 1 96 32 1 0.000002576742679680568
arm64simd_mmm_f32_64x1_a53 64 1 96 32 1 0.0000025864412058212067
arm64simd_mmm_f32_64x1_gen 64 1 96 32 1 0.000002916506315789474
arm64simd_mmm_f32_24x4_a55 24 4 96 32 1 0.000003712083308270677
arm64simd_mmm_f32_16x4_a55 16 4 96 32 1 0.00000393212824375214
arm64simd_mmm_f32_24x4_a53 24 4 96 32 1 0.000004022675435483871
arm64simd_mmm_f32_32x3_gen 32 3 96 32 1 0.000004027438968989126
arm64simd_mmm_f32_16x4_a53 16 4 96 32 1 0.000004428785252883762
arm64simd_mmm_f32_24x4_gen 24 4 96 32 1 0.0000046543050255933
arm64simd_mmm_f32_16x4_gen 16 4 96 32 1 0.000005066255354969574
arm64simd_mmm_f32_12x8_a55 12 8 96 32 1 0.000006105517475579975
arm64simd_mmm_f32_12x8_a53 12 8 96 32 1 0.000006710621008742433
arm64simd_mmm_f32_8x8_a55 8 8 96 32 1 0.000006862373635738831
arm64simd_mmm_f32_12x8_gen 12 8 96 32 1 0.0000074015438073963745
arm64simd_mmm_f32_8x8_a53 8 8 96 32 1 0.000007916469263657956
arm64simd_mmm_f32_8x8_gen 8 8 96 32 1 0.000008408454444444445
arm64simd_mmm_f32_32x1_gen 32 1 96 128 1 0.000008434864209636517
arm64simd_mmm_f32_64x1_a55 64 1 96 128 1 0.000010254814866529774
arm64simd_mmm_f32_64x1_a53 64 1 96 128 1 0.000010666355346851652
arm64simd_mmm_f32_24x4_a55 24 4 96 128 1 0.000010762077543103448
arm64simd_mmm_f32_64x1_gen 64 1 96 128 1 0.000011044713938053099
arm64simd_mmm_f32_16x4_a55 16 4 96 128 1 0.000011964638419161677
arm64simd_mmm_f32_24x4_a53 24 4 96 128 1 0.00001267354958280657
arm64simd_mmm_f32_32x3_gen 32 3 96 128 1 0.000012925094385510996
arm64simd_mmm_f32_16x4_a53 16 4 96 128 1 0.000014006879215686275
arm64simd_mmm_f32_24x4_gen 24 4 96 128 1 0.000014610388604197167
arm64simd_mmm_f32_16x4_gen 16 4 96 128 1 0.00001516181096969697
arm64simd_mmm_f32_12x8_a55 12 8 96 128 1 0.000019089885889101337
arm64simd_mmm_f32_8x8_a55 8 8 96 128 1 0.000021395588608137045
arm64simd_mmm_f32_12x8_a53 12 8 96 128 1 0.000021853775317286655
arm64simd_mmm_f32_12x8_gen 12 8 96 128 1 0.00002390292479616307
arm64simd_mmm_f32_8x8_a53 8 8 96 128 1 0.00002426926339805825
arm64simd_mmm_f32_8x8_gen 8 8 96 128 1 0.000025796862268041238
arm64simd_mmm_f32_32x1_gen 32 1 96 512 1 0.00003151972139240507
arm64simd_mmm_f32_24x4_a55 24 4 96 512 1 0.00003645097128205127
arm64simd_mmm_f32_64x1_a53 64 1 96 512 1 0.00003801018734096693
arm64simd_mmm_f32_64x1_a55 64 1 96 512 1 0.000038184861915708814
arm64simd_mmm_f32_16x4_a55 16 4 96 512 1 0.00004078954979423868
arm64simd_mmm_f32_64x1_gen 64 1 96 512 1 0.000042600301818181815
arm64simd_mmm_f32_32x3_gen 32 3 96 512 1 0.00004508857719457014
arm64simd_mmm_f32_24x4_a53 24 4 96 512 1 0.000045842004608294926
arm64simd_mmm_f32_16x4_a53 16 4 96 512 1 0.000050709768367346954
arm64simd_mmm_f32_24x4_gen 24 4 96 512 1 0.000050928500612244886
arm64simd_mmm_f32_16x4_gen 16 4 96 512 1 0.00005119892923076922
arm64simd_mmm_f32_12x8_a55 12 8 96 512 1 0.00006537679657894737
arm64simd_mmm_f32_8x8_a55 8 8 96 512 1 0.00007316199852941177
arm64simd_mmm_f32_12x8_a53 12 8 96 512 1 0.00007949480992
arm64simd_mmm_f32_12x8_gen 12 8 96 512 1 0.000083260527
arm64simd_mmm_f32_8x8_a53 8 8 96 512 1 0.00008590733172413795
arm64simd_mmm_f32_8x8_gen 8 8 96 512 1 0.00008879794535714285
arm64simd_mmm_f32_64x1_a53 64 1 128 8 1 0.0000010744176042895442
arm64simd_mmm_f32_64x1_a55 64 1 128 8 1 0.000001112427695373035
arm64simd_mmm_f32_64x1_gen 64 1 128 8 1 0.0000011579559179891113
arm64simd_mmm_f32_32x1_gen 32 1 128 8 1 0.0000013431753730340099
arm64simd_mmm_f32_32x3_gen 32 3 128 8 1 0.0000027784042619311874
arm64simd_mmm_f32_24x4_a55 24 4 128 8 1 0.0000030815742963885427
arm64simd_mmm_f32_24x4_a53 24 4 128 8 1 0.000003187371388445579
arm64simd_mmm_f32_16x4_a55 16 4 128 8 1 0.0000032546287614080833
arm64simd_mmm_f32_16x4_a53 16 4 128 8 1 0.000003434375563186813
arm64simd_mmm_f32_24x4_gen 24 4 128 8 1 0.0000034677101461377864
arm64simd_mmm_f32_16x4_gen 16 4 128 8 1 0.0000036066272677990606
arm64simd_mmm_f32_12x8_a55 12 8 128 8 1 0.000004528469208371247
arm64simd_mmm_f32_12x8_a53 12 8 128 8 1 0.000004742006216730038
arm64simd_mmm_f32_12x8_gen 12 8 128 8 1 0.0000049461974167908595
arm64simd_mmm_f32_8x8_a55 8 8 128 8 1 0.000005375131570685325
arm64simd_mmm_f32_8x8_a53 8 8 128 8 1 0.000005746423272065863
arm64simd_mmm_f32_8x8_gen 8 8 128 8 1 0.0000058852837161366315
arm64simd_mmm_f32_64x1_a55 64 1 128 32 1 0.000002279473945995008
arm64simd_mmm_f32_64x1_a53 64 1 128 32 1 0.0000023065948310502287
arm64simd_mmm_f32_64x1_gen 64 1 128 32 1 0.0000026109893741885227
arm64simd_mmm_f32_32x1_gen 32 1 128 32 1 0.000002725925368106493
arm64simd_mmm_f32_16x4_a55 16 4 128 32 1 0.000005019636070175439
arm64simd_mmm_f32_32x3_gen 32 3 128 32 1 0.0000051542371987641594
arm64simd_mmm_f32_24x4_a55 24 4 128 32 1 0.000005288568518713758
arm64simd_mmm_f32_16x4_a53 16 4 128 32 1 0.00000569516515687393
arm64simd_mmm_f32_24x4_a53 24 4 128 32 1 0.000005712949132420091
arm64simd_mmm_f32_16x4_gen 16 4 128 32 1 0.000006475030993548387
arm64simd_mmm_f32_24x4_gen 24 4 128 32 1 0.0000067519063526244935
arm64simd_mmm_f32_12x8_a55 12 8 128 32 1 0.000008166884755700326
arm64simd_mmm_f32_8x8_a55 8 8 128 32 1 0.000008883523156028368
arm64simd_mmm_f32_12x8_a53 12 8 128 32 1 0.000008975536050044681
arm64simd_mmm_f32_12x8_gen 12 8 128 32 1 0.000009891831238850344
arm64simd_mmm_f32_8x8_a53 8 8 128 32 1 0.00001034760264736298
arm64simd_mmm_f32_8x8_gen 8 8 128 32 1 0.00001095198046103183
arm64simd_mmm_f32_64x1_a55 64 1 128 128 1 0.000009980000518444667
arm64simd_mmm_f32_64x1_a53 64 1 128 128 1 0.000010334048778467911
arm64simd_mmm_f32_64x1_gen 64 1 128 128 1 0.000010773561336206895
arm64simd_mmm_f32_32x1_gen 32 1 128 128 1 0.000011346308027210881
arm64simd_mmm_f32_16x4_a55 16 4 128 128 1 0.00001569206200626959
arm64simd_mmm_f32_24x4_a55 24 4 128 128 1 0.000015799902142481597
arm64simd_mmm_f32_32x3_gen 32 3 128 128 1 0.000016990017589134127
arm64simd_mmm_f32_24x4_a53 24 4 128 128 1 0.00001878835203007519
arm64simd_mmm_f32_16x4_a53 16 4 128 128 1 0.00001881336857142857
arm64simd_mmm_f32_16x4_gen 16 4 128 128 1 0.000019828898777120315
arm64simd_mmm_f32_24x4_gen 24 4 128 128 1 0.000021556792758620686
arm64simd_mmm_f32_12x8_a55 12 8 128 128 1 0.000025707322262210793
arm64simd_mmm_f32_8x8_a55 8 8 128 128 1 0.00002844084831908832
arm64simd_mmm_f32_12x8_a53 12 8 128 128 1 0.000029777093809523812
arm64simd_mmm_f32_8x8_a53 8 8 128 128 1 0.00003228730110032363
arm64simd_mmm_f32_12x8_gen 12 8 128 128 1 0.0000322999135064935
arm64simd_mmm_f32_8x8_gen 8 8 128 128 1 0.0000339036052881356
arm64simd_mmm_f32_64x1_a53 64 1 128 512 1 0.000037827229797979794
arm64simd_mmm_f32_64x1_a55 64 1 128 512 1 0.00003948338015625001
arm64simd_mmm_f32_64x1_gen 64 1 128 512 1 0.00004068689371428572
arm64simd_mmm_f32_32x1_gen 32 1 128 512 1 0.00004092737573770491
arm64simd_mmm_f32_24x4_a55 24 4 128 512 1 0.000054885179197693977
arm64simd_mmm_f32_16x4_a55 16 4 128 512 1 0.000057304708045977
arm64simd_mmm_f32_32x3_gen 32 3 128 512 1 0.000059556137485029956
arm64simd_mmm_f32_16x4_a53 16 4 128 512 1 0.00006686942147651004
arm64simd_mmm_f32_24x4_a53 24 4 128 512 1 0.00006788498476190477
arm64simd_mmm_f32_16x4_gen 16 4 128 512 1 0.00006841480356164383
arm64simd_mmm_f32_24x4_gen 24 4 128 512 1 0.00007573950757575756
arm64simd_mmm_f32_12x8_a55 12 8 128 512 1 0.0000909419407272727
arm64simd_mmm_f32_8x8_a55 8 8 128 512 1 0.00009887938739130432
arm64simd_mmm_f32_12x8_a53 12 8 128 512 1 0.00010759252240143368
arm64simd_mmm_f32_8x8_a53 8 8 128 512 1 0.0001146363117241379
arm64simd_mmm_f32_12x8_gen 12 8 128 512 1 0.0001146612931034483
arm64simd_mmm_f32_8x8_gen 8 8 128 512 1 0.00011826249476190477
arm64simd_mmm_f32_64x1_a53 64 1 256 8 1 0.0000017166970517655124
arm64simd_mmm_f32_64x1_a55 64 1 256 8 1 0.000001783006573003735
arm64simd_mmm_f32_64x1_gen 64 1 256 8 1 0.0000018746386734887243
arm64simd_mmm_f32_32x1_gen 32 1 256 8 1 0.000002257853345554537
arm64simd_mmm_f32_32x3_gen 32 3 256 8 1 0.000004929534871794872
arm64simd_mmm_f32_24x4_a55 24 4 256 8 1 0.000005234425594989561
arm64simd_mmm_f32_24x4_a53 24 4 256 8 1 0.0000054187747049269076
arm64simd_mmm_f32_24x4_gen 24 4 256 8 1 0.000005803117958236659
arm64simd_mmm_f32_16x4_a55 16 4 256 8 1 0.000005908829462524654
arm64simd_mmm_f32_16x4_a53 16 4 256 8 1 0.0000063946730289389055
arm64simd_mmm_f32_16x4_gen 16 4 256 8 1 0.000006632781312127235
arm64simd_mmm_f32_12x8_a55 12 8 256 8 1 0.000008462036268698844
arm64simd_mmm_f32_12x8_a53 12 8 256 8 1 0.000008890079750667856
arm64simd_mmm_f32_12x8_gen 12 8 256 8 1 0.00000937556064030132
arm64simd_mmm_f32_8x8_a55 8 8 256 8 1 0.000010266563864337103
arm64simd_mmm_f32_8x8_a53 8 8 256 8 1 0.000010974829445664108
arm64simd_mmm_f32_8x8_gen 8 8 256 8 1 0.00001123197015730337
arm64simd_mmm_f32_64x1_a53 64 1 256 32 1 0.000005258029013157894
arm64simd_mmm_f32_64x1_a55 64 1 256 32 1 0.000005635536246498599
arm64simd_mmm_f32_64x1_gen 64 1 256 32 1 0.000006233490565568675
arm64simd_mmm_f32_32x1_gen 32 1 256 32 1 0.000006680686657789612
arm64simd_mmm_f32_24x4_a55 24 4 256 32 1 0.000009853673418719212
arm64simd_mmm_f32_32x3_gen 32 3 256 32 1 0.000011099391849390919
arm64simd_mmm_f32_16x4_a55 16 4 256 32 1 0.000011113135982241951
arm64simd_mmm_f32_24x4_a53 24 4 256 32 1 0.000011171183318385652
arm64simd_mmm_f32_16x4_a53 16 4 256 32 1 0.000012013955683453237
arm64simd_mmm_f32_24x4_gen 24 4 256 32 1 0.000012832595902688856
arm64simd_mmm_f32_16x4_gen 16 4 256 32 1 0.000013699526675786593
arm64simd_mmm_f32_12x8_a55 12 8 256 32 1 0.00001717487231560892
arm64simd_mmm_f32_12x8_a53 12 8 256 32 1 0.000018608330850403476
arm64simd_mmm_f32_8x8_a55 8 8 256 32 1 0.000019079694656488552
arm64simd_mmm_f32_12x8_gen 12 8 256 32 1 0.000020642820000000003
arm64simd_mmm_f32_8x8_a53 8 8 256 32 1 0.00002127140757446808
arm64simd_mmm_f32_8x8_gen 8 8 256 32 1 0.000022911332265446227
arm64simd_mmm_f32_64x1_a55 64 1 256 128 1 0.000020123937177419355
arm64simd_mmm_f32_64x1_a53 64 1 256 128 1 0.000020343434911744742
arm64simd_mmm_f32_64x1_gen 64 1 256 128 1 0.000021324892136752132
arm64simd_mmm_f32_32x1_gen 32 1 256 128 1 0.000021907787894736838
arm64simd_mmm_f32_24x4_a55 24 4 256 128 1 0.000028686815305635155
arm64simd_mmm_f32_32x3_gen 32 3 256 128 1 0.00003300704699669967
arm64simd_mmm_f32_16x4_a55 16 4 256 128 1 0.000033170336611295684
arm64simd_mmm_f32_24x4_a53 24 4 256 128 1 0.00003483910475524475
arm64simd_mmm_f32_16x4_a53 16 4 256 128 1 0.00003727883641791044
arm64simd_mmm_f32_16x4_gen 16 4 256 128 1 0.000038728862015503885
arm64simd_mmm_f32_24x4_gen 24 4 256 128 1 0.00003930623874015748
arm64simd_mmm_f32_12x8_a55 12 8 256 128 1 0.00005153370247422681
arm64simd_mmm_f32_8x8_a55 8 8 256 128 1 0.000054216315846994525
arm64simd_mmm_f32_12x8_a53 12 8 256 128 1 0.00005901893136094674
arm64simd_mmm_f32_8x8_a53 8 8 256 128 1 0.00006350386904458599
arm64simd_mmm_f32_12x8_gen 12 8 256 128 1 0.00006402060717948718
arm64simd_mmm_f32_8x8_gen 8 8 256 128 1 0.00006625469813333334
arm64simd_mmm_f32_64x1_a53 64 1 256 512 1 0.00008001760064
arm64simd_mmm_f32_64x1_a55 64 1 256 512 1 0.00008094294276422765
arm64simd_mmm_f32_32x1_gen 32 1 256 512 1 0.00008442127491525424
arm64simd_mmm_f32_64x1_gen 64 1 256 512 1 0.00008541572581196581
arm64simd_mmm_f32_16x4_a55 16 4 256 512 1 0.00011231659191011235
arm64simd_mmm_f32_32x3_gen 32 3 256 512 1 0.0001244071885
arm64simd_mmm_f32_24x4_a53 24 4 256 512 1 0.00014135352732919253
arm64simd_mmm_f32_16x4_gen 16 4 256 512 1 0.00014318632057142857
arm64simd_mmm_f32_24x4_a55 24 4 256 512 1 0.0001439468708571429
arm64simd_mmm_f32_24x4_gen 24 4 256 512 1 0.0001468697982352941
arm64simd_mmm_f32_16x4_a53 16 4 256 512 1 0.00016054395677419356
arm64simd_mmm_f32_12x8_a55 12 8 256 512 1 0.0001915735030769231
arm64simd_mmm_f32_8x8_a55 8 8 256 512 1 0.00020105056972789123
arm64simd_mmm_f32_12x8_a53 12 8 256 512 1 0.00023137484651162784
arm64simd_mmm_f32_12x8_gen 12 8 256 512 1 0.00023895402439024396
arm64simd_mmm_f32_8x8_gen 8 8 256 512 1 0.0002426559365853659
arm64simd_mmm_f32_8x8_a53 8 8 256 512 1 0.00024310843317073172
arm64simd_mmm_f32_64x1_a55 64 1 512 8 1 0.0000031803163601775524
arm64simd_mmm_f32_64x1_a53 64 1 512 8 1 0.000003336002052649117
arm64simd_mmm_f32_64x1_gen 64 1 512 8 1 0.0000034116386968449927
arm64simd_mmm_f32_32x1_gen 32 1 512 8 1 0.000004145841224152191
arm64simd_mmm_f32_32x3_gen 32 3 512 8 1 0.000009700809457364339
arm64simd_mmm_f32_24x4_a55 24 4 512 8 1 0.000010147079593495936
arm64simd_mmm_f32_24x4_a53 24 4 512 8 1 0.00001060986255319149
arm64simd_mmm_f32_24x4_gen 24 4 512 8 1 0.000011536745588914548
arm64simd_mmm_f32_16x4_a55 16 4 512 8 1 0.000011958637487922706
arm64simd_mmm_f32_16x4_a53 16 4 512 8 1 0.000012177270364963504
arm64simd_mmm_f32_16x4_gen 16 4 512 8 1 0.000013321440065014224
arm64simd_mmm_f32_12x8_a55 12 8 512 8 1 0.000016376292000000003
arm64simd_mmm_f32_12x8_a53 12 8 512 8 1 0.000017132017907375647
arm64simd_mmm_f32_12x8_gen 12 8 512 8 1 0.00001807585343012704
arm64simd_mmm_f32_8x8_a55 8 8 512 8 1 0.000020238384048582993
arm64simd_mmm_f32_8x8_a53 8 8 512 8 1 0.000021777667267894437
arm64simd_mmm_f32_8x8_gen 8 8 512 8 1 0.00002231032714285715
arm64simd_mmm_f32_64x1_a55 64 1 512 32 1 0.000011226169292929294
arm64simd_mmm_f32_64x1_a53 64 1 512 32 1 0.000011709276623681126
arm64simd_mmm_f32_64x1_gen 64 1 512 32 1 0.00001213418593673966
arm64simd_mmm_f32_32x1_gen 32 1 512 32 1 0.00001255094197747184
arm64simd_mmm_f32_24x4_a55 24 4 512 32 1 0.00001993498055776892
arm64simd_mmm_f32_32x3_gen 32 3 512 32 1 0.000020898723347280334
arm64simd_mmm_f32_16x4_a55 16 4 512 32 1 0.000022722492391799545
arm64simd_mmm_f32_24x4_a53 24 4 512 32 1 0.00002293708643678161
arm64simd_mmm_f32_24x4_gen 24 4 512 32 1 0.00002479640168734491
arm64simd_mmm_f32_16x4_a53 16 4 512 32 1 0.00002519980725440806
arm64simd_mmm_f32_16x4_gen 16 4 512 32 1 0.0000260483640625
arm64simd_mmm_f32_12x8_a55 12 8 512 32 1 0.00003262104980392157
arm64simd_mmm_f32_12x8_a53 12 8 512 32 1 0.000037374305373134316
arm64simd_mmm_f32_8x8_a55 8 8 512 32 1 0.00003771442060606061
arm64simd_mmm_f32_12x8_gen 12 8 512 32 1 0.00003918648393700787
arm64simd_mmm_f32_8x8_a53 8 8 512 32 1 0.00004340830226086957
arm64simd_mmm_f32_8x8_gen 8 8 512 32 1 0.000044535786428571414
arm64simd_mmm_f32_64x1_a55 64 1 512 128 1 0.000038952563424124524
arm64simd_mmm_f32_64x1_a53 64 1 512 128 1 0.000039996286879999995
arm64simd_mmm_f32_32x1_gen 32 1 512 128 1 0.00004212918261603375
arm64simd_mmm_f32_64x1_gen 64 1 512 128 1 0.000042170297118644064
arm64simd_mmm_f32_24x4_a55 24 4 512 128 1 0.00005621260449438203
arm64simd_mmm_f32_16x4_a55 16 4 512 128 1 0.00006492785071895425
arm64simd_mmm_f32_32x3_gen 32 3 512 128 1 0.0000653409397368421
arm64simd_mmm_f32_24x4_a53 24 4 512 128 1 0.00006845663944827586
arm64simd_mmm_f32_16x4_a53 16 4 512 128 1 0.00007540190818181817
arm64simd_mmm_f32_16x4_gen 16 4 512 128 1 0.000076800984
arm64simd_mmm_f32_24x4_gen 24 4 512 128 1 0.0000777143878125
arm64simd_mmm_f32_12x8_a55 12 8 512 128 1 0.00009952811760000002
arm64simd_mmm_f32_8x8_a55 8 8 512 128 1 0.0001142432533524904
arm64simd_mmm_f32_12x8_a53 12 8 512 128 1 0.00011563875860465116
arm64simd_mmm_f32_12x8_gen 12 8 512 128 1 0.0001249210227848101
arm64simd_mmm_f32_8x8_a53 8 8 512 128 1 0.0001289012233766234
arm64simd_mmm_f32_8x8_gen 8 8 512 128 1 0.00013381103945945947
arm64simd_mmm_f32_64x1_a53 64 1 512 512 1 0.00020641320166666675
arm64simd_mmm_f32_64x1_a55 64 1 512 512 1 0.00021857654666666666
arm64simd_mmm_f32_64x1_gen 64 1 512 512 1 0.0002279162418604651
arm64simd_mmm_f32_32x1_gen 32 1 512 512 1 0.0002329047904761905
arm64simd_mmm_f32_16x4_a55 16 4 512 512 1 0.00027178304888888886
arm64simd_mmm_f32_32x3_gen 32 3 512 512 1 0.000282973768
arm64simd_mmm_f32_24x4_a53 24 4 512 512 1 0.0002879572529411765
arm64simd_mmm_f32_16x4_gen 16 4 512 512 1 0.000317822855483871
arm64simd_mmm_f32_24x4_gen 24 4 512 512 1 0.0003196248012903226
arm64simd_mmm_f32_16x4_a53 16 4 512 512 1 0.00033379325000000007
arm64simd_mmm_f32_24x4_a55 24 4 512 512 1 0.0003419926151724138
arm64simd_mmm_f32_12x8_a55 12 8 512 512 1 0.0003979503376000001
arm64simd_mmm_f32_8x8_a55 8 8 512 512 1 0.0004312368417391305
arm64simd_mmm_f32_12x8_a53 12 8 512 512 1 0.0004642914563492063
arm64simd_mmm_f32_12x8_gen 12 8 512 512 1 0.0004901467540000001
arm64simd_mmm_f32_8x8_gen 8 8 512 512 1 0.0005029792388663969
arm64simd_mmm_f32_8x8_a53 8 8 512 512 1 0.0005042365323886639
