arm64simd_mmm_f32_32x1_gen 32 1 1 8 1 0.0000009998816515609266
arm64simd_mmm_f32_8x8_a53 8 8 1 8 1 0.0000011533161340206186
arm64simd_mmm_f32_8x8_gen 8 8 1 8 1 0.000001165846813702487
arm64simd_mmm_f32_64x1_gen 64 1 1 8 1 0.0000011702712917395372
arm64simd_mmm_f32_64x1_a53 64 1 1 8 1 0.000001175869290671686
arm64simd_mmm_f32_64x1_a55 64 1 1 8 1 0.0000011800523214917974
arm64simd_mmm_f32_8x8_a55 8 8 1 8 1 0.0000011860435340252387
arm64simd_mmm_f32_16x4_gen 16 4 1 8 1 0.0000012002568334401285
arm64simd_mmm_f32_16x4_a55 16 4 1 8 1 0.0000012217642019983799
arm64simd_mmm_f32_16x4_a53 16 4 1 8 1 0.0000012330459027259923
arm64simd_mmm_f32_24x4_a53 24 4 1 8 1 0.0000012368301967301473
arm64simd_mmm_f32_24x4_gen 24 4 1 8 1 0.0000013123432834201388
arm64simd_mmm_f32_12x8_a53 12 8 1 8 1 0.0000013142543502908413
arm64simd_mmm_f32_24x4_a55 24 4 1 8 1 0.0000013560536705946092
arm64simd_mmm_f32_12x8_a55 12 8 1 8 1 0.0000013585762988474696
arm64simd_mmm_f32_32x3_gen 32 3 1 8 1 0.0000014623887056763462
arm64simd_mmm_f32_12x8_gen 12 8 1 8 1 0.0000030943157894736847
arm64simd_mmm_f32_32x1_gen 32 1 1 32 1 0.0000015475046510172143
arm64simd_mmm_f32_8x8_a53 8 8 1 32 1 0.0000015719335601685658
arm64simd_mmm_f32_16x4_a53 16 4 1 32 1 0.0000016160466581223966
arm64simd_mmm_f32_8x8_gen 8 8 1 32 1 0.0000016561908178377492
arm64simd_mmm_f32_8x8_a55 8 8 1 32 1 0.0000017107743155925863
arm64simd_mmm_f32_16x4_gen 16 4 1 32 1 0.000001722821531001039
arm64simd_mmm_f32_16x4_a55 16 4 1 32 1 0.0000017348116713189117
arm64simd_mmm_f32_12x8_a53 12 8 1 32 1 0.0000018797471507318002
arm64simd_mmm_f32_12x8_gen 12 8 1 32 1 0.000001957321139415482
arm64simd_mmm_f32_24x4_gen 24 4 1 32 1 0.0000020780710684474123
arm64simd_mmm_f32_64x1_a53 64 1 1 32 1 0.00000219269846845581
arm64simd_mmm_f32_12x8_a55 12 8 1 32 1 0.000002203177371323529
arm64simd_mmm_f32_64x1_a55 64 1 1 32 1 0.0000022749247244995605
arm64simd_mmm_f32_64x1_gen 64 1 1 32 1 0.000002292474711011559
arm64simd_mmm_f32_24x4_a55 24 4 1 32 1 0.0000022940066060326
arm64simd_mmm_f32_32x3_gen 32 3 1 32 1 0.0000023514899415204675
arm64simd_mmm_f32_24x4_a53 24 4 1 32 1 0.0000024133116034497932
arm64simd_mmm_f32_8x8_a53 8 8 1 128 1 0.0000032474608638892044
arm64simd_mmm_f32_16x4_a53 16 4 1 128 1 0.000003370273371505556
arm64simd_mmm_f32_8x8_gen 8 8 1 128 1 0.000003593022728640193
arm64simd_mmm_f32_32x1_gen 32 1 1 128 1 0.000003709519130757801
arm64simd_mmm_f32_8x8_a55 8 8 1 128 1 0.000003814829127801754
arm64simd_mmm_f32_16x4_a55 16 4 1 128 1 0.000003843754078643022
arm64simd_mmm_f32_16x4_gen 16 4 1 128 1 0.000003844846935001176
arm64simd_mmm_f32_12x8_a53 12 8 1 128 1 0.000004212712081046855
arm64simd_mmm_f32_24x4_a53 24 4 1 128 1 0.000004304308862948552
arm64simd_mmm_f32_12x8_gen 12 8 1 128 1 0.0000045927282558068884
arm64simd_mmm_f32_24x4_gen 24 4 1 128 1 0.0000052009941215039905
arm64simd_mmm_f32_12x8_a55 12 8 1 128 1 0.000005550945244444444
arm64simd_mmm_f32_32x3_gen 32 3 1 128 1 0.0000060460486956521725
arm64simd_mmm_f32_24x4_a55 24 4 1 128 1 0.000006083595787139691
arm64simd_mmm_f32_64x1_a53 64 1 1 128 1 0.000006818997584129149
arm64simd_mmm_f32_64x1_a55 64 1 1 128 1 0.000007505513314536341
arm64simd_mmm_f32_64x1_gen 64 1 1 128 1 0.000007574101557251909
arm64simd_mmm_f32_8x8_a53 8 8 1 512 1 0.00001085854692600653
arm64simd_mmm_f32_16x4_a53 16 4 1 512 1 0.000011404812472049692
arm64simd_mmm_f32_8x8_gen 8 8 1 512 1 0.00001260737911727617
arm64simd_mmm_f32_8x8_a55 8 8 1 512 1 0.000013363919037433155
arm64simd_mmm_f32_16x4_a55 16 4 1 512 1 0.000013551438177506775
arm64simd_mmm_f32_16x4_gen 16 4 1 512 1 0.000013682027957410674
arm64simd_mmm_f32_32x1_gen 32 1 1 512 1 0.000014358393786788751
arm64simd_mmm_f32_12x8_a53 12 8 1 512 1 0.000014495355272291284
arm64simd_mmm_f32_24x4_a53 24 4 1 512 1 0.000015999128586691083
arm64simd_mmm_f32_12x8_gen 12 8 1 512 1 0.00001662284693333333
arm64simd_mmm_f32_24x4_gen 24 4 1 512 1 0.000019063592692307695
arm64simd_mmm_f32_12x8_a55 12 8 1 512 1 0.000020316727302231237
arm64simd_mmm_f32_24x4_a55 24 4 1 512 1 0.000021879296338672773
arm64simd_mmm_f32_32x3_gen 32 3 1 512 1 0.000022006098831641444
arm64simd_mmm_f32_64x1_a53 64 1 1 512 1 0.000026281866704805497
arm64simd_mmm_f32_64x1_gen 64 1 1 512 1 0.000029918374999999996
arm64simd_mmm_f32_64x1_a55 64 1 1 512 1 0.000030126563122053425
arm64simd_mmm_f32_32x1_gen 32 1 2 8 1 0.0000010198066845360823
arm64simd_mmm_f32_8x8_a53 8 8 2 8 1 0.0000011607884798770046
arm64simd_mmm_f32_8x8_gen 8 8 2 8 1 0.0000011779420618803008
arm64simd_mmm_f32_64x1_a53 64 1 2 8 1 0.0000011797568438714236
arm64simd_mmm_f32_64x1_gen 64 1 2 8 1 0.000001181397470869536
arm64simd_mmm_f32_16x4_a53 16 4 2 8 1 0.0000011840240967580686
arm64simd_mmm_f32_64x1_a55 64 1 2 8 1 0.0000011890671649521915
arm64simd_mmm_f32_8x8_a55 8 8 2 8 1 0.0000011996498878572288
arm64simd_mmm_f32_16x4_gen 16 4 2 8 1 0.0000012069583256548638
arm64simd_mmm_f32_16x4_a55 16 4 2 8 1 0.0000012191110773657289
arm64simd_mmm_f32_24x4_a53 24 4 2 8 1 0.0000012546384333457572
arm64simd_mmm_f32_12x8_gen 12 8 2 8 1 0.0000013044191814164522
arm64simd_mmm_f32_12x8_a53 12 8 2 8 1 0.0000013080494835650254
arm64simd_mmm_f32_24x4_gen 24 4 2 8 1 0.0000013137098919868173
arm64simd_mmm_f32_24x4_a55 24 4 2 8 1 0.0000013563879030269826
arm64simd_mmm_f32_12x8_a55 12 8 2 8 1 0.0000013690231106844053
arm64simd_mmm_f32_32x3_gen 32 3 2 8 1 0.0000014625251674074073
arm64simd_mmm_f32_32x1_gen 32 1 2 32 1 0.0000015547515172306258
arm64simd_mmm_f32_8x8_a53 8 8 2 32 1 0.0000015726762982145289
arm64simd_mmm_f32_8x8_gen 8 8 2 32 1 0.0000016618629184740294
arm64simd_mmm_f32_8x8_a55 8 8 2 32 1 0.0000017186263237281208
arm64simd_mmm_f32_16x4_gen 16 4 2 32 1 0.000001737544179571951
arm64simd_mmm_f32_16x4_a55 16 4 2 32 1 0.0000017417894710144925
arm64simd_mmm_f32_16x4_a53 16 4 2 32 1 0.0000017907910904207697
arm64simd_mmm_f32_12x8_a53 12 8 2 32 1 0.0000018855885930777022
arm64simd_mmm_f32_12x8_gen 12 8 2 32 1 0.000001988502269387755
arm64simd_mmm_f32_24x4_gen 24 4 2 32 1 0.000002093649027661358
arm64simd_mmm_f32_64x1_a53 64 1 2 32 1 0.0000021976033927235766
arm64simd_mmm_f32_12x8_a55 12 8 2 32 1 0.0000022068271071742956
arm64simd_mmm_f32_64x1_a55 64 1 2 32 1 0.000002288684118451025
arm64simd_mmm_f32_64x1_gen 64 1 2 32 1 0.0000022995340132320805
arm64simd_mmm_f32_24x4_a55 24 4 2 32 1 0.0000023066197609208974
arm64simd_mmm_f32_32x3_gen 32 3 2 32 1 0.000002356691369314165
arm64simd_mmm_f32_24x4_a53 24 4 2 32 1 0.0000024248965506332455
arm64simd_mmm_f32_8x8_a53 8 8 2 128 1 0.000003262195240825688
arm64simd_mmm_f32_16x4_a53 16 4 2 128 1 0.000003379719661590524
arm64simd_mmm_f32_8x8_gen 8 8 2 128 1 0.000003596869345867607
arm64simd_mmm_f32_32x1_gen 32 1 2 128 1 0.0000036792323598820057
arm64simd_mmm_f32_8x8_a55 8 8 2 128 1 0.000003839374009216589
arm64simd_mmm_f32_16x4_a55 16 4 2 128 1 0.000003847518379141187
arm64simd_mmm_f32_16x4_gen 16 4 2 128 1 0.000003861345754276828
arm64simd_mmm_f32_12x8_a53 12 8 2 128 1 0.000004209880218579234
arm64simd_mmm_f32_24x4_a53 24 4 2 128 1 0.000004334386274848748
arm64simd_mmm_f32_12x8_gen 12 8 2 128 1 0.000004618289739292364
arm64simd_mmm_f32_24x4_gen 24 4 2 128 1 0.000005198068134370848
arm64simd_mmm_f32_12x8_a55 12 8 2 128 1 0.000005569098567462522
arm64simd_mmm_f32_32x3_gen 32 3 2 128 1 0.000005931146737967914
arm64simd_mmm_f32_24x4_a55 24 4 2 128 1 0.000006166081563013136
arm64simd_mmm_f32_64x1_a53 64 1 2 128 1 0.000006815332815269257
arm64simd_mmm_f32_64x1_a55 64 1 2 128 1 0.000007381693828529195
arm64simd_mmm_f32_64x1_gen 64 1 2 128 1 0.000007489788376360415
arm64simd_mmm_f32_8x8_a53 8 8 2 512 1 0.000010716796455424275
arm64simd_mmm_f32_16x4_a53 16 4 2 512 1 0.000011275696798686638
arm64simd_mmm_f32_8x8_gen 8 8 2 512 1 0.00001245888029925187
arm64simd_mmm_f32_8x8_a55 8 8 2 512 1 0.000013113641677602798
arm64simd_mmm_f32_16x4_a55 16 4 2 512 1 0.000013191574300791554
arm64simd_mmm_f32_16x4_gen 16 4 2 512 1 0.000013303082225177308
arm64simd_mmm_f32_12x8_a53 12 8 2 512 1 0.000014291087029089175
arm64simd_mmm_f32_32x1_gen 32 1 2 512 1 0.000014367937139769452
arm64simd_mmm_f32_24x4_a53 24 4 2 512 1 0.000015861481993502456
arm64simd_mmm_f32_12x8_gen 12 8 2 512 1 0.00001601957310058855
arm64simd_mmm_f32_24x4_gen 24 4 2 512 1 0.000018652172253258847
arm64simd_mmm_f32_12x8_a55 12 8 2 512 1 0.0000199498963890401
arm64simd_mmm_f32_24x4_a55 24 4 2 512 1 0.00002184878961038961
arm64simd_mmm_f32_32x3_gen 32 3 2 512 1 0.000022009201773835923
arm64simd_mmm_f32_64x1_a53 64 1 2 512 1 0.000026357122842105268
arm64simd_mmm_f32_64x1_a55 64 1 2 512 1 0.000029270533882352938
arm64simd_mmm_f32_64x1_gen 64 1 2 512 1 0.000029965270958083832
arm64simd_mmm_f32_32x1_gen 32 1 4 8 1 0.0000010320603955569484
arm64simd_mmm_f32_8x8_a53 8 8 4 8 1 0.0000011784357355568792
arm64simd_mmm_f32_64x1_a53 64 1 4 8 1 0.0000011896722217049929
arm64simd_mmm_f32_8x8_gen 8 8 4 8 1 0.0000011922388441989836
arm64simd_mmm_f32_64x1_gen 64 1 4 8 1 0.0000011949084965625939
arm64simd_mmm_f32_16x4_a53 16 4 4 8 1 0.0000011969351868316712
arm64simd_mmm_f32_64x1_a55 64 1 4 8 1 0.000001206460455366823
arm64simd_mmm_f32_8x8_a55 8 8 4 8 1 0.0000012107530451722877
arm64simd_mmm_f32_16x4_gen 16 4 4 8 1 0.000001223542738182709
arm64simd_mmm_f32_16x4_a55 16 4 4 8 1 0.0000012271844242125986
arm64simd_mmm_f32_24x4_a53 24 4 4 8 1 0.0000012562437214806724
arm64simd_mmm_f32_12x8_gen 12 8 4 8 1 0.000001318141169557342
arm64simd_mmm_f32_12x8_a53 12 8 4 8 1 0.000001319765280019126
arm64simd_mmm_f32_24x4_gen 24 4 4 8 1 0.0000013260113366336632
arm64simd_mmm_f32_24x4_a55 24 4 4 8 1 0.0000013731422129898904
arm64simd_mmm_f32_12x8_a55 12 8 4 8 1 0.0000013861170347366
arm64simd_mmm_f32_32x3_gen 32 3 4 8 1 0.000001475669212598425
arm64simd_mmm_f32_32x1_gen 32 1 4 32 1 0.000001582486938519448
arm64simd_mmm_f32_8x8_a53 8 8 4 32 1 0.0000015839023431326065
arm64simd_mmm_f32_16x4_a53 16 4 4 32 1 0.0000016276921283844362
arm64simd_mmm_f32_8x8_gen 8 8 4 32 1 0.000001666855229142186
arm64simd_mmm_f32_8x8_a55 8 8 4 32 1 0.0000017244926308539948
arm64simd_mmm_f32_16x4_a55 16 4 4 32 1 0.0000017423995608660134
arm64simd_mmm_f32_16x4_gen 16 4 4 32 1 0.000001742756755259367
arm64simd_mmm_f32_12x8_a53 12 8 4 32 1 0.0000019124162269762087
arm64simd_mmm_f32_12x8_gen 12 8 4 32 1 0.000002010945243198681
arm64simd_mmm_f32_24x4_gen 24 4 4 32 1 0.0000021107735059422747
arm64simd_mmm_f32_64x1_a53 64 1 4 32 1 0.0000022137849921927284
arm64simd_mmm_f32_12x8_a55 12 8 4 32 1 0.000002236193056057866
arm64simd_mmm_f32_64x1_a55 64 1 4 32 1 0.0000023062413938835097
arm64simd_mmm_f32_64x1_gen 64 1 4 32 1 0.000002324259253073533
arm64simd_mmm_f32_32x3_gen 32 3 4 32 1 0.000002367933268382932
arm64simd_mmm_f32_24x4_a55 24 4 4 32 1 0.0000024029713820625918
arm64simd_mmm_f32_24x4_a53 24 4 4 32 1 0.000002427395397119887
arm64simd_mmm_f32_8x8_a53 8 8 4 128 1 0.0000032738094932984643
arm64simd_mmm_f32_16x4_a53 16 4 4 128 1 0.000003426931469485168
arm64simd_mmm_f32_8x8_gen 8 8 4 128 1 0.0000036068463238856597
arm64simd_mmm_f32_32x1_gen 32 1 4 128 1 0.00000370063312638581
arm64simd_mmm_f32_8x8_a55 8 8 4 128 1 0.00000385306716544543
arm64simd_mmm_f32_16x4_a55 16 4 4 128 1 0.000003855284019191138
arm64simd_mmm_f32_16x4_gen 16 4 4 128 1 0.000003866098975950349
arm64simd_mmm_f32_12x8_a53 12 8 4 128 1 0.000004216823566021867
arm64simd_mmm_f32_24x4_a53 24 4 4 128 1 0.000004304040947345706
arm64simd_mmm_f32_12x8_gen 12 8 4 128 1 0.000004634400935891436
arm64simd_mmm_f32_24x4_gen 24 4 4 128 1 0.0000052013214151925085
arm64simd_mmm_f32_12x8_a55 12 8 4 128 1 0.00000557522913627079
arm64simd_mmm_f32_32x3_gen 32 3 4 128 1 0.000006048811749095295
arm64simd_mmm_f32_24x4_a55 24 4 4 128 1 0.000006099819829059829
arm64simd_mmm_f32_64x1_a53 64 1 4 128 1 0.000007155194416607015
arm64simd_mmm_f32_64x1_a55 64 1 4 128 1 0.0000076235015455241016
arm64simd_mmm_f32_64x1_gen 64 1 4 128 1 0.000007712531446249033
arm64simd_mmm_f32_8x8_a53 8 8 4 512 1 0.00001090676489082969
arm64simd_mmm_f32_16x4_a53 16 4 4 512 1 0.000011376317844925885
arm64simd_mmm_f32_8x8_gen 8 8 4 512 1 0.000012627554835443038
arm64simd_mmm_f32_16x4_a55 16 4 4 512 1 0.000013355668181818184
arm64simd_mmm_f32_8x8_a55 8 8 4 512 1 0.000013421072795698925
arm64simd_mmm_f32_16x4_gen 16 4 4 512 1 0.000013503801847826086
arm64simd_mmm_f32_12x8_a53 12 8 4 512 1 0.000014424602369942197
arm64simd_mmm_f32_32x1_gen 32 1 4 512 1 0.000014574781107871719
arm64simd_mmm_f32_24x4_a53 24 4 4 512 1 0.00001595859100478469
arm64simd_mmm_f32_12x8_gen 12 8 4 512 1 0.000016532419988925806
arm64simd_mmm_f32_24x4_gen 24 4 4 512 1 0.0000191207817688378
arm64simd_mmm_f32_12x8_a55 12 8 4 512 1 0.000020194323970985157
arm64simd_mmm_f32_24x4_a55 24 4 4 512 1 0.000021949091692307697
arm64simd_mmm_f32_32x3_gen 32 3 4 512 1 0.00002220781898148148
arm64simd_mmm_f32_64x1_a53 64 1 4 512 1 0.000026293583641160948
arm64simd_mmm_f32_64x1_a55 64 1 4 512 1 0.000028944014260869564
arm64simd_mmm_f32_64x1_gen 64 1 4 512 1 0.000029930343952095805
arm64simd_mmm_f32_32x1_gen 32 1 8 8 1 0.000001060679817912344
arm64simd_mmm_f32_8x8_a53 8 8 8 8 1 0.0000012055297652582159
arm64simd_mmm_f32_8x8_gen 8 8 8 8 1 0.0000012169142583732055
arm64simd_mmm_f32_16x4_a53 16 4 8 8 1 0.0000012185858084791719
arm64simd_mmm_f32_64x1_a53 64 1 8 8 1 0.0000012206312535436954
arm64simd_mmm_f32_64x1_gen 64 1 8 8 1 0.0000012237339701345182
arm64simd_mmm_f32_64x1_a55 64 1 8 8 1 0.0000012331609743972157
arm64simd_mmm_f32_8x8_a55 8 8 8 8 1 0.0000012366857877652934
arm64simd_mmm_f32_16x4_gen 16 4 8 8 1 0.000001237628305
arm64simd_mmm_f32_16x4_a55 16 4 8 8 1 0.0000012581955751543404
arm64simd_mmm_f32_24x4_a53 24 4 8 8 1 0.0000012817695214649735
arm64simd_mmm_f32_12x8_gen 12 8 8 8 1 0.0000013482296547091225
arm64simd_mmm_f32_12x8_a53 12 8 8 8 1 0.0000013502183315359035
arm64simd_mmm_f32_24x4_gen 24 4 8 8 1 0.0000013551063439697138
arm64simd_mmm_f32_24x4_a55 24 4 8 8 1 0.0000014018375617370235
arm64simd_mmm_f32_12x8_a55 12 8 8 8 1 0.0000014049988006165057
arm64simd_mmm_f32_32x3_gen 32 3 8 8 1 0.0000015048351104199071
arm64simd_mmm_f32_32x1_gen 32 1 8 32 1 0.0000016008998118715538
arm64simd_mmm_f32_8x8_a53 8 8 8 32 1 0.0000016218623119868635
arm64simd_mmm_f32_8x8_gen 8 8 8 32 1 0.0000017088834279814145
arm64simd_mmm_f32_8x8_a55 8 8 8 32 1 0.0000017630540646077386
arm64simd_mmm_f32_16x4_gen 16 4 8 32 1 0.0000017768685491308975
arm64simd_mmm_f32_16x4_a55 16 4 8 32 1 0.0000018039660992653652
arm64simd_mmm_f32_16x4_a53 16 4 8 32 1 0.0000018208774863784957
arm64simd_mmm_f32_12x8_a53 12 8 8 32 1 0.0000019295594156603032
arm64simd_mmm_f32_12x8_gen 12 8 8 32 1 0.0000020094548201727947
arm64simd_mmm_f32_24x4_gen 24 4 8 32 1 0.0000021299324893435635
arm64simd_mmm_f32_12x8_a55 12 8 8 32 1 0.0000022447343251186983
arm64simd_mmm_f32_64x1_a53 64 1 8 32 1 0.0000022644718851320055
arm64simd_mmm_f32_64x1_a55 64 1 8 32 1 0.000002358179715774515
arm64simd_mmm_f32_24x4_a55 24 4 8 32 1 0.0000023650721772272515
arm64simd_mmm_f32_32x3_gen 32 3 8 32 1 0.0000023939697959512863
arm64simd_mmm_f32_64x1_gen 64 1 8 32 1 0.0000023978984926108374
arm64simd_mmm_f32_24x4_a53 24 4 8 32 1 0.0000024302986498300147
arm64simd_mmm_f32_8x8_a53 8 8 8 128 1 0.00000332612664
arm64simd_mmm_f32_16x4_a53 16 4 8 128 1 0.0000034497170349844123
arm64simd_mmm_f32_8x8_gen 8 8 8 128 1 0.0000036638420396184875
arm64simd_mmm_f32_32x1_gen 32 1 8 128 1 0.0000037412359199093303
arm64simd_mmm_f32_8x8_a55 8 8 8 128 1 0.0000039007166796570534
arm64simd_mmm_f32_16x4_gen 16 4 8 128 1 0.0000039137207710464195
arm64simd_mmm_f32_16x4_a55 16 4 8 128 1 0.000003925569814008705
arm64simd_mmm_f32_12x8_a53 12 8 8 128 1 0.00000422001331078224
arm64simd_mmm_f32_24x4_a53 24 4 8 128 1 0.000004402244534627261
arm64simd_mmm_f32_12x8_gen 12 8 8 128 1 0.000004627926697761194
arm64simd_mmm_f32_24x4_gen 24 4 8 128 1 0.000005264142693531283
arm64simd_mmm_f32_12x8_a55 12 8 8 128 1 0.000005582385013958683
arm64simd_mmm_f32_32x3_gen 32 3 8 128 1 0.000006097520232248824
arm64simd_mmm_f32_24x4_a55 24 4 8 128 1 0.000006178722901425915
arm64simd_mmm_f32_64x1_a53 64 1 8 128 1 0.000006851548771448178
arm64simd_mmm_f32_64x1_a55 64 1 8 128 1 0.000007454338969380136
arm64simd_mmm_f32_64x1_gen 64 1 8 128 1 0.000007545466858006042
arm64simd_mmm_f32_8x8_a53 8 8 8 512 1 0.00001085385143478261
arm64simd_mmm_f32_16x4_a53 16 4 8 512 1 0.000011492198011848579
arm64simd_mmm_f32_8x8_gen 8 8 8 512 1 0.000012383136575682384
arm64simd_mmm_f32_8x8_a55 8 8 8 512 1 0.000013265462257636121
arm64simd_mmm_f32_16x4_a55 16 4 8 512 1 0.000013535644817320707
arm64simd_mmm_f32_16x4_gen 16 4 8 512 1 0.00001374967202200825
arm64simd_mmm_f32_32x1_gen 32 1 8 512 1 0.000014448598552821996
arm64simd_mmm_f32_12x8_a53 12 8 8 512 1 0.00001455569655004859
arm64simd_mmm_f32_24x4_a53 24 4 8 512 1 0.000016053713633440512
arm64simd_mmm_f32_12x8_gen 12 8 8 512 1 0.000016628246811352254
arm64simd_mmm_f32_24x4_gen 24 4 8 512 1 0.00001923474289017341
arm64simd_mmm_f32_12x8_a55 12 8 8 512 1 0.000020226510588235296
arm64simd_mmm_f32_24x4_a55 24 4 8 512 1 0.00002192420805921053
arm64simd_mmm_f32_32x3_gen 32 3 8 512 1 0.00002200740052863436
arm64simd_mmm_f32_64x1_a53 64 1 8 512 1 0.0000263483818469657
arm64simd_mmm_f32_64x1_a55 64 1 8 512 1 0.000029604766666666665
arm64simd_mmm_f32_64x1_gen 64 1 8 512 1 0.000029824477492537312
arm64simd_mmm_f32_32x1_gen 32 1 16 8 1 0.0000011065762452955504
arm64simd_mmm_f32_64x1_a53 64 1 16 8 1 0.0000012675247173190073
arm64simd_mmm_f32_64x1_gen 64 1 16 8 1 0.0000012709434742505764
arm64simd_mmm_f32_16x4_a53 16 4 16 8 1 0.0000012735106152874286
arm64simd_mmm_f32_64x1_a55 64 1 16 8 1 0.000001279168988247317
arm64simd_mmm_f32_16x4_gen 16 4 16 8 1 0.0000012923036931818182
arm64simd_mmm_f32_16x4_a55 16 4 16 8 1 0.0000013000681778817009
arm64simd_mmm_f32_24x4_a53 24 4 16 8 1 0.0000013330556531077997
arm64simd_mmm_f32_24x4_gen 24 4 16 8 1 0.000001397692248537197
arm64simd_mmm_f32_24x4_a55 24 4 16 8 1 0.0000014527653584359158
arm64simd_mmm_f32_32x3_gen 32 3 16 8 1 0.0000015566275119366177
arm64simd_mmm_f32_8x8_a53 8 8 16 8 1 0.0000016957744163822519
arm64simd_mmm_f32_8x8_gen 8 8 16 8 1 0.0000017641778508306821
arm64simd_mmm_f32_8x8_a55 8 8 16 8 1 0.0000017854713232413177
arm64simd_mmm_f32_12x8_a53 12 8 16 8 1 0.0000019436783823529415
arm64simd_mmm_f32_12x8_gen 12 8 16 8 1 0.0000019552454084507044
arm64simd_mmm_f32_12x8_a55 12 8 16 8 1 0.0000020691851003102374
arm64simd_mmm_f32_32x1_gen 32 1 16 32 1 0.0000016450246327683613
arm64simd_mmm_f32_16x4_gen 16 4 16 32 1 0.000001821384438336082
arm64simd_mmm_f32_16x4_a55 16 4 16 32 1 0.0000018281712388250319
arm64simd_mmm_f32_16x4_a53 16 4 16 32 1 0.00000186696722149164
arm64simd_mmm_f32_24x4_gen 24 4 16 32 1 0.0000021700256557196387
arm64simd_mmm_f32_64x1_a53 64 1 16 32 1 0.000002283578131742024
arm64simd_mmm_f32_64x1_a55 64 1 16 32 1 0.0000023702202014218005
arm64simd_mmm_f32_64x1_gen 64 1 16 32 1 0.0000023856215189741345
arm64simd_mmm_f32_24x4_a55 24 4 16 32 1 0.0000023922280811986464
arm64simd_mmm_f32_32x3_gen 32 3 16 32 1 0.0000024390905532823343
arm64simd_mmm_f32_24x4_a53 24 4 16 32 1 0.000002476688924066288
arm64simd_mmm_f32_8x8_a53 8 8 16 32 1 0.0000025573571509095563
arm64simd_mmm_f32_8x8_gen 8 8 16 32 1 0.0000027233050954719034
arm64simd_mmm_f32_8x8_a55 8 8 16 32 1 0.0000028350364618885096
arm64simd_mmm_f32_12x8_a53 12 8 16 32 1 0.000003076109
arm64simd_mmm_f32_12x8_gen 12 8 16 32 1 0.0000032560942894910775
arm64simd_mmm_f32_12x8_a55 12 8 16 32 1 0.0000037324223290758828
arm64simd_mmm_f32_16x4_a53 16 4 16 128 1 0.0000034618489134184202
arm64simd_mmm_f32_32x1_gen 32 1 16 128 1 0.000003787617767584099
arm64simd_mmm_f32_16x4_a55 16 4 16 128 1 0.0000039534508240887486
arm64simd_mmm_f32_16x4_gen 16 4 16 128 1 0.000003961317252878126
arm64simd_mmm_f32_24x4_a53 24 4 16 128 1 0.000004384728617814831
arm64simd_mmm_f32_24x4_gen 24 4 16 128 1 0.0000053144461146496816
arm64simd_mmm_f32_8x8_a53 8 8 16 128 1 0.000005970521809523808
arm64simd_mmm_f32_32x3_gen 32 3 16 128 1 0.000006041381378476421
arm64simd_mmm_f32_24x4_a55 24 4 16 128 1 0.000006171147087198516
arm64simd_mmm_f32_8x8_gen 8 8 16 128 1 0.000006607538550628723
arm64simd_mmm_f32_64x1_a53 64 1 16 128 1 0.000006885826372413793
arm64simd_mmm_f32_8x8_a55 8 8 16 128 1 0.000007075376892595221
arm64simd_mmm_f32_64x1_a55 64 1 16 128 1 0.00000747905111610487
arm64simd_mmm_f32_64x1_gen 64 1 16 128 1 0.000007597652653992394
arm64simd_mmm_f32_12x8_a53 12 8 16 128 1 0.000007728343782249744
arm64simd_mmm_f32_12x8_gen 12 8 16 128 1 0.00000859683972270364
arm64simd_mmm_f32_12x8_a55 12 8 16 128 1 0.000010521792926315791
arm64simd_mmm_f32_16x4_a53 16 4 16 512 1 0.00001135553036363636
arm64simd_mmm_f32_16x4_a55 16 4 16 512 1 0.000013285999733333331
arm64simd_mmm_f32_16x4_gen 16 4 16 512 1 0.000013488093875338755
arm64simd_mmm_f32_32x1_gen 32 1 16 512 1 0.000014486619254958877
arm64simd_mmm_f32_24x4_a53 24 4 16 512 1 0.00001604444835209003
arm64simd_mmm_f32_24x4_gen 24 4 16 512 1 0.00001911550122605364
arm64simd_mmm_f32_8x8_a53 8 8 16 512 1 0.000021636626724511932
arm64simd_mmm_f32_24x4_a55 24 4 16 512 1 0.000021967036219780218
arm64simd_mmm_f32_32x3_gen 32 3 16 512 1 0.000022105701995565413
arm64simd_mmm_f32_8x8_gen 8 8 16 512 1 0.00002457131339901478
arm64simd_mmm_f32_8x8_a55 8 8 16 512 1 0.000026208757375328083
arm64simd_mmm_f32_64x1_a53 64 1 16 512 1 0.000026377905079365074
arm64simd_mmm_f32_12x8_a53 12 8 16 512 1 0.000028506236962715232
arm64simd_mmm_f32_64x1_a55 64 1 16 512 1 0.00002946357431952663
arm64simd_mmm_f32_64x1_gen 64 1 16 512 1 0.000029924475568862272
arm64simd_mmm_f32_12x8_gen 12 8 16 512 1 0.00003199632948717949
arm64simd_mmm_f32_12x8_a55 12 8 16 512 1 0.000039200777098039215
arm64simd_mmm_f32_32x1_gen 32 1 24 8 1 0.000001150166913523459
arm64simd_mmm_f32_64x1_a53 64 1 24 8 1 0.000001311253589542484
arm64simd_mmm_f32_64x1_gen 64 1 24 8 1 0.0000013136057060139493
arm64simd_mmm_f32_64x1_a55 64 1 24 8 1 0.0000013274166366047745
arm64simd_mmm_f32_24x4_a53 24 4 24 8 1 0.0000013778284675753825
arm64simd_mmm_f32_24x4_gen 24 4 24 8 1 0.0000014430356407669018
arm64simd_mmm_f32_24x4_a55 24 4 24 8 1 0.0000014867635285396588
arm64simd_mmm_f32_32x3_gen 32 3 24 8 1 0.0000015987912638509717
arm64simd_mmm_f32_16x4_a53 16 4 24 8 1 0.000001795354117647058
arm64simd_mmm_f32_16x4_a55 16 4 24 8 1 0.0000018534256144223699
arm64simd_mmm_f32_16x4_gen 16 4 24 8 1 0.0000018540232334883721
arm64simd_mmm_f32_12x8_a53 12 8 24 8 1 0.0000019674615384615383
arm64simd_mmm_f32_12x8_gen 12 8 24 8 1 0.000001991773034127146
arm64simd_mmm_f32_12x8_a55 12 8 24 8 1 0.0000021287419247928615
arm64simd_mmm_f32_8x8_a53 8 8 24 8 1 0.000002194122419991232
arm64simd_mmm_f32_8x8_gen 8 8 24 8 1 0.0000022597154324631104
arm64simd_mmm_f32_8x8_a55 8 8 24 8 1 0.0000023177127719786594
arm64simd_mmm_f32_32x1_gen 32 1 24 32 1 0.0000016942778139850643
arm64simd_mmm_f32_24x4_gen 24 4 24 32 1 0.0000022354017857142858
arm64simd_mmm_f32_64x1_a53 64 1 24 32 1 0.0000023325300703234884
arm64simd_mmm_f32_64x1_a55 64 1 24 32 1 0.0000024181724583835944
arm64simd_mmm_f32_64x1_gen 64 1 24 32 1 0.00000243330902379796
arm64simd_mmm_f32_24x4_a55 24 4 24 32 1 0.0000024346214060963617
arm64simd_mmm_f32_32x3_gen 32 3 24 32 1 0.0000024834223832125902
arm64simd_mmm_f32_24x4_a53 24 4 24 32 1 0.000002517505207965717
arm64simd_mmm_f32_16x4_a55 16 4 24 32 1 0.0000029048971844095403
arm64simd_mmm_f32_16x4_gen 16 4 24 32 1 0.0000029065703617269544
arm64simd_mmm_f32_16x4_a53 16 4 24 32 1 0.000002977442267303103
arm64simd_mmm_f32_12x8_a53 12 8 24 32 1 0.0000031675621734985702
arm64simd_mmm_f32_12x8_gen 12 8 24 32 1 0.000003338406488678607
arm64simd_mmm_f32_8x8_a53 8 8 24 32 1 0.000003489136368715083
arm64simd_mmm_f32_8x8_gen 8 8 24 32 1 0.0000037391947588302316
arm64simd_mmm_f32_12x8_a55 12 8 24 32 1 0.0000037949317727272726
arm64simd_mmm_f32_8x8_a55 8 8 24 32 1 0.000003913321536652293
arm64simd_mmm_f32_32x1_gen 32 1 24 128 1 0.000004029114489959839
arm64simd_mmm_f32_24x4_a53 24 4 24 128 1 0.000004541606992753624
arm64simd_mmm_f32_24x4_gen 24 4 24 128 1 0.0000054769461496450025
arm64simd_mmm_f32_32x3_gen 32 3 24 128 1 0.00000620316285006196
arm64simd_mmm_f32_24x4_a55 24 4 24 128 1 0.000006395074552429668
arm64simd_mmm_f32_16x4_a53 16 4 24 128 1 0.000006715128996632995
arm64simd_mmm_f32_64x1_a53 64 1 24 128 1 0.000007035452376933896
arm64simd_mmm_f32_16x4_a55 16 4 24 128 1 0.000007642924567049811
arm64simd_mmm_f32_64x1_a55 64 1 24 128 1 0.000007700337397998459
arm64simd_mmm_f32_16x4_gen 16 4 24 128 1 0.000007727126491499227
arm64simd_mmm_f32_64x1_gen 64 1 24 128 1 0.00000781177453125
arm64simd_mmm_f32_12x8_a53 12 8 24 128 1 0.000008275610115702481
arm64simd_mmm_f32_12x8_gen 12 8 24 128 1 0.000008802733817537642
arm64simd_mmm_f32_8x8_a53 8 8 24 128 1 0.000009112543428047662
arm64simd_mmm_f32_8x8_gen 8 8 24 128 1 0.000009863795577492596
arm64simd_mmm_f32_8x8_a55 8 8 24 128 1 0.000010592589872881358
arm64simd_mmm_f32_12x8_a55 12 8 24 128 1 0.000010709287965738754
arm64simd_mmm_f32_32x1_gen 32 1 24 512 1 0.000014573941489051098
arm64simd_mmm_f32_24x4_a53 24 4 24 512 1 0.000016085163285024156
arm64simd_mmm_f32_24x4_gen 24 4 24 512 1 0.00001926838112185687
arm64simd_mmm_f32_24x4_a55 24 4 24 512 1 0.000022049558498896248
arm64simd_mmm_f32_32x3_gen 32 3 24 512 1 0.00002216610474501109
arm64simd_mmm_f32_16x4_a53 16 4 24 512 1 0.000022768940774487466
arm64simd_mmm_f32_16x4_a55 16 4 24 512 1 0.00002616599286089239
arm64simd_mmm_f32_64x1_a53 64 1 24 512 1 0.00002642740243386243
arm64simd_mmm_f32_16x4_gen 16 4 24 512 1 0.00002647408477453581
arm64simd_mmm_f32_12x8_a53 12 8 24 512 1 0.00002858405632183908
arm64simd_mmm_f32_64x1_a55 64 1 24 512 1 0.000029758436383928564
arm64simd_mmm_f32_64x1_gen 64 1 24 512 1 0.00002978244488095238
arm64simd_mmm_f32_12x8_gen 12 8 24 512 1 0.00003208393475348338
arm64simd_mmm_f32_8x8_a53 8 8 24 512 1 0.00003223280090322581
arm64simd_mmm_f32_8x8_gen 8 8 24 512 1 0.000036463478540145986
arm64simd_mmm_f32_8x8_a55 8 8 24 512 1 0.000038378179076923074
arm64simd_mmm_f32_12x8_a55 12 8 24 512 1 0.00003918439796078432
arm64simd_mmm_f32_32x1_gen 32 1 32 8 1 0.0000009261362800955707
arm64simd_mmm_f32_64x1_a53 64 1 32 8 1 0.0000013598031993038605
arm64simd_mmm_f32_64x1_gen 64 1 32 8 1 0.00000136149841597609
arm64simd_mmm_f32_64x1_a55 64 1 32 8 1 0.0000013714417532289088
arm64simd_mmm_f32_32x3_gen 32 3 32 8 1 0.000001641377149486245
arm64simd_mmm_f32_16x4_a53 16 4 32 8 1 0.0000018306704157549232
arm64simd_mmm_f32_16x4_a55 16 4 32 8 1 0.0000018863946387035274
arm64simd_mmm_f32_16x4_gen 16 4 32 8 1 0.000001898327876123112
arm64simd_mmm_f32_24x4_a53 24 4 32 8 1 0.000002016951424541608
arm64simd_mmm_f32_24x4_gen 24 4 32 8 1 0.0000020694540938410318
arm64simd_mmm_f32_24x4_a55 24 4 32 8 1 0.000002173490406005358
arm64simd_mmm_f32_12x8_a53 12 8 32 8 1 0.000002559101422336329
arm64simd_mmm_f32_12x8_gen 12 8 32 8 1 0.0000026094767098651144
arm64simd_mmm_f32_8x8_a53 8 8 32 8 1 0.0000026714712662917333
arm64simd_mmm_f32_8x8_gen 8 8 32 8 1 0.0000027594290426120638
arm64simd_mmm_f32_12x8_a55 12 8 32 8 1 0.0000028068821312394836
arm64simd_mmm_f32_8x8_a55 8 8 32 8 1 0.000002852363096258212
arm64simd_mmm_f32_32x1_gen 32 1 32 32 1 0.0000014657166391021853
arm64simd_mmm_f32_64x1_a53 64 1 32 32 1 0.0000023751821790607424
arm64simd_mmm_f32_64x1_a55 64 1 32 32 1 0.0000024604043110236223
arm64simd_mmm_f32_64x1_gen 64 1 32 32 1 0.0000024761280333250225
arm64simd_mmm_f32_32x3_gen 32 3 32 32 1 0.0000025380134556574927
arm64simd_mmm_f32_16x4_gen 16 4 32 32 1 0.0000029434447164179104
arm64simd_mmm_f32_16x4_a55 16 4 32 32 1 0.0000029523812745961807
arm64simd_mmm_f32_16x4_a53 16 4 32 32 1 0.000003030919805175038
arm64simd_mmm_f32_24x4_gen 24 4 32 32 1 0.0000036185881304347823
arm64simd_mmm_f32_24x4_a55 24 4 32 32 1 0.000004080036351630212
arm64simd_mmm_f32_24x4_a53 24 4 32 32 1 0.000004244585750636131
arm64simd_mmm_f32_12x8_a53 12 8 32 32 1 0.00000431433289099526
arm64simd_mmm_f32_8x8_a53 8 8 32 32 1 0.000004383784848750548
arm64simd_mmm_f32_12x8_gen 12 8 32 32 1 0.000004571147261849978
arm64simd_mmm_f32_8x8_gen 8 8 32 32 1 0.000004745040303605313
arm64simd_mmm_f32_8x8_a55 8 8 32 32 1 0.000004969204457771115
arm64simd_mmm_f32_12x8_a55 12 8 32 32 1 0.00000529274657519789
arm64simd_mmm_f32_32x1_gen 32 1 32 128 1 0.0000037590926134233233
arm64simd_mmm_f32_32x3_gen 32 3 32 128 1 0.00000625311797752809
arm64simd_mmm_f32_16x4_a53 16 4 32 128 1 0.000006346791350665819
arm64simd_mmm_f32_64x1_a53 64 1 32 128 1 0.000007067940197740114
arm64simd_mmm_f32_16x4_a55 16 4 32 128 1 0.00000732562222547584
arm64simd_mmm_f32_16x4_gen 16 4 32 128 1 0.000007362411285081241
arm64simd_mmm_f32_64x1_a55 64 1 32 128 1 0.000007609323272171254
arm64simd_mmm_f32_64x1_gen 64 1 32 128 1 0.000007685965423728814
arm64simd_mmm_f32_24x4_a53 24 4 32 128 1 0.000008361424777870915
arm64simd_mmm_f32_24x4_gen 24 4 32 128 1 0.00001015784844897959
arm64simd_mmm_f32_8x8_a53 8 8 32 128 1 0.000011268526854565954
arm64simd_mmm_f32_12x8_a53 12 8 32 128 1 0.000011537425790080738
arm64simd_mmm_f32_24x4_a55 24 4 32 128 1 0.000011837103582443653
arm64simd_mmm_f32_8x8_gen 8 8 32 128 1 0.000012802273964194372
arm64simd_mmm_f32_12x8_gen 12 8 32 128 1 0.000012896312487046631
arm64simd_mmm_f32_8x8_a55 8 8 32 128 1 0.000013616034433833563
arm64simd_mmm_f32_12x8_a55 12 8 32 128 1 0.000015771368657187993
arm64simd_mmm_f32_32x1_gen 32 1 32 512 1 0.00001413964760283688
arm64simd_mmm_f32_32x3_gen 32 3 32 512 1 0.00002198884308370044
arm64simd_mmm_f32_16x4_a53 16 4 32 512 1 0.000022641961269841273
arm64simd_mmm_f32_16x4_a55 16 4 32 512 1 0.00002616390376202975
arm64simd_mmm_f32_16x4_gen 16 4 32 512 1 0.000026420044021164024
arm64simd_mmm_f32_64x1_a53 64 1 32 512 1 0.000026463884338624333
arm64simd_mmm_f32_64x1_a55 64 1 32 512 1 0.000029441292271386436
arm64simd_mmm_f32_64x1_gen 64 1 32 512 1 0.000030216011842900304
arm64simd_mmm_f32_24x4_a53 24 4 32 512 1 0.000031479342586750785
arm64simd_mmm_f32_24x4_gen 24 4 32 512 1 0.00003668740161764706
arm64simd_mmm_f32_12x8_a53 12 8 32 512 1 0.00004250703472340427
arm64simd_mmm_f32_8x8_a53 8 8 32 512 1 0.000042916299482758614
arm64simd_mmm_f32_24x4_a55 24 4 32 512 1 0.00004294892189655172
arm64simd_mmm_f32_12x8_gen 12 8 32 512 1 0.000047443531238095234
arm64simd_mmm_f32_8x8_gen 8 8 32 512 1 0.00004868120253658536
arm64simd_mmm_f32_8x8_a55 8 8 32 512 1 0.00005126347835051547
arm64simd_mmm_f32_12x8_a55 12 8 32 512 1 0.00005824569146198829
arm64simd_mmm_f32_64x1_a53 64 1 48 8 1 0.0000014446752338465969
arm64simd_mmm_f32_64x1_gen 64 1 48 8 1 0.000001449571183543387
arm64simd_mmm_f32_32x1_gen 32 1 48 8 1 0.0000014512515073262728
arm64simd_mmm_f32_64x1_a55 64 1 48 8 1 0.0000014593882982636846
arm64simd_mmm_f32_24x4_a53 24 4 48 8 1 0.0000020320251557170397
arm64simd_mmm_f32_24x4_gen 24 4 48 8 1 0.0000021661994399445416
arm64simd_mmm_f32_24x4_a55 24 4 48 8 1 0.0000022725543156934303
arm64simd_mmm_f32_32x3_gen 32 3 48 8 1 0.0000023502716110980663
arm64simd_mmm_f32_16x4_a53 16 4 48 8 1 0.0000023770624901310595
arm64simd_mmm_f32_16x4_gen 16 4 48 8 1 0.0000024300134744094485
arm64simd_mmm_f32_16x4_a55 16 4 48 8 1 0.000002457964534404615
arm64simd_mmm_f32_12x8_a53 12 8 48 8 1 0.000003086581479418137
arm64simd_mmm_f32_12x8_gen 12 8 48 8 1 0.000003169351031619291
arm64simd_mmm_f32_12x8_a55 12 8 48 8 1 0.0000034039384196185287
arm64simd_mmm_f32_8x8_gen 8 8 48 8 1 0.0000037182747234899543
arm64simd_mmm_f32_8x8_a55 8 8 48 8 1 0.0000037934098101746397
arm64simd_mmm_f32_8x8_a53 8 8 48 8 1 0.0000038226584202454
arm64simd_mmm_f32_64x1_a53 64 1 48 32 1 0.0000024635363929245666
arm64simd_mmm_f32_32x1_gen 32 1 48 32 1 0.0000025289699367568934
arm64simd_mmm_f32_64x1_a55 64 1 48 32 1 0.0000025487816777493607
arm64simd_mmm_f32_64x1_gen 64 1 48 32 1 0.00000256525339896373
arm64simd_mmm_f32_24x4_gen 24 4 48 32 1 0.0000037350067563527653
arm64simd_mmm_f32_16x4_a55 16 4 48 32 1 0.000004054194715447155
arm64simd_mmm_f32_16x4_gen 16 4 48 32 1 0.000004059419148073024
arm64simd_mmm_f32_32x3_gen 32 3 48 32 1 0.000004141295923935511
arm64simd_mmm_f32_24x4_a55 24 4 48 32 1 0.0000041704473653444685
arm64simd_mmm_f32_16x4_a53 16 4 48 32 1 0.000004179208368317941
arm64simd_mmm_f32_24x4_a53 24 4 48 32 1 0.000004336881270670149
arm64simd_mmm_f32_12x8_a53 12 8 48 32 1 0.000005466625274725275
arm64simd_mmm_f32_12x8_gen 12 8 48 32 1 0.000005852535957320687
arm64simd_mmm_f32_8x8_a53 8 8 48 32 1 0.000006229406953271026
arm64simd_mmm_f32_8x8_gen 8 8 48 32 1 0.000006741099042481456
arm64simd_mmm_f32_12x8_a55 12 8 48 32 1 0.000006798161419795223
arm64simd_mmm_f32_8x8_a55 8 8 48 32 1 0.0000070598700283286124
arm64simd_mmm_f32_64x1_a53 64 1 48 128 1 0.000007184829507110148
arm64simd_mmm_f32_32x1_gen 32 1 48 128 1 0.000007624558038314174
arm64simd_mmm_f32_64x1_a55 64 1 48 128 1 0.000007747859875195008
arm64simd_mmm_f32_64x1_gen 64 1 48 128 1 0.000007847585362776025
arm64simd_mmm_f32_24x4_a53 24 4 48 128 1 0.000008688503190932868
arm64simd_mmm_f32_16x4_a53 16 4 48 128 1 0.000009464285031595577
arm64simd_mmm_f32_24x4_gen 24 4 48 128 1 0.00001043397714778974
arm64simd_mmm_f32_16x4_a55 16 4 48 128 1 0.00001086882647966594
arm64simd_mmm_f32_16x4_gen 16 4 48 128 1 0.000010968915931642779
arm64simd_mmm_f32_24x4_a55 24 4 48 128 1 0.00001200025028846154
arm64simd_mmm_f32_32x3_gen 32 3 48 128 1 0.000012092094430992736
arm64simd_mmm_f32_12x8_a53 12 8 48 128 1 0.000015272403058103978
arm64simd_mmm_f32_12x8_gen 12 8 48 128 1 0.00001697805388034188
arm64simd_mmm_f32_8x8_a53 8 8 48 128 1 0.000017034096888888893
arm64simd_mmm_f32_8x8_gen 8 8 48 128 1 0.000018987259961904765
arm64simd_mmm_f32_8x8_a55 8 8 48 128 1 0.000020314517718940935
arm64simd_mmm_f32_12x8_a55 12 8 48 128 1 0.00002068897544951591
arm64simd_mmm_f32_64x1_a53 64 1 48 512 1 0.00002659319498666667
arm64simd_mmm_f32_32x1_gen 32 1 48 512 1 0.00002808590569014084
arm64simd_mmm_f32_64x1_a55 64 1 48 512 1 0.00002933296058823529
arm64simd_mmm_f32_64x1_gen 64 1 48 512 1 0.00003021596921212121
arm64simd_mmm_f32_24x4_a53 24 4 48 512 1 0.00003139822195583596
arm64simd_mmm_f32_16x4_a53 16 4 48 512 1 0.00003329549946666667
arm64simd_mmm_f32_24x4_gen 24 4 48 512 1 0.00003682327704797047
arm64simd_mmm_f32_16x4_a55 16 4 48 512 1 0.00003829761492307693
arm64simd_mmm_f32_16x4_gen 16 4 48 512 1 0.000038702874263565896
arm64simd_mmm_f32_24x4_a55 24 4 48 512 1 0.000042855436394849783
arm64simd_mmm_f32_32x3_gen 32 3 48 512 1 0.00004300980872844827
arm64simd_mmm_f32_12x8_a53 12 8 48 512 1 0.000056032695505617984
arm64simd_mmm_f32_12x8_gen 12 8 48 512 1 0.0000628700729113924
arm64simd_mmm_f32_8x8_a53 8 8 48 512 1 0.00006361444384615385
arm64simd_mmm_f32_8x8_gen 8 8 48 512 1 0.00007133304402877698
arm64simd_mmm_f32_8x8_a55 8 8 48 512 1 0.0000753743303030303
arm64simd_mmm_f32_12x8_a55 12 8 48 512 1 0.000077101767751938
arm64simd_mmm_f32_64x1_a53 64 1 64 8 1 0.0000010597248813416306
arm64simd_mmm_f32_64x1_a55 64 1 64 8 1 0.0000011011437801138854
arm64simd_mmm_f32_64x1_gen 64 1 64 8 1 0.0000011057088409762505
arm64simd_mmm_f32_32x1_gen 32 1 64 8 1 0.0000012982914786246567
arm64simd_mmm_f32_32x3_gen 32 3 64 8 1 0.000002458299043804756
arm64simd_mmm_f32_24x4_a53 24 4 64 8 1 0.000002681091848648649
arm64simd_mmm_f32_24x4_gen 24 4 64 8 1 0.0000028923562582496418
arm64simd_mmm_f32_16x4_a53 16 4 64 8 1 0.0000029595985394581863
arm64simd_mmm_f32_16x4_gen 16 4 64 8 1 0.0000030517568089053806
arm64simd_mmm_f32_24x4_a55 24 4 64 8 1 0.0000030816221088226257
arm64simd_mmm_f32_16x4_a55 16 4 64 8 1 0.0000031084049205854868
arm64simd_mmm_f32_12x8_a53 12 8 64 8 1 0.000004249113469387755
arm64simd_mmm_f32_12x8_gen 12 8 64 8 1 0.000004378443628279235
arm64simd_mmm_f32_8x8_a53 8 8 64 8 1 0.000004691807910028116
arm64simd_mmm_f32_12x8_a55 12 8 64 8 1 0.0000047212117247642935
arm64simd_mmm_f32_8x8_gen 8 8 64 8 1 0.000004790254578544061
arm64simd_mmm_f32_8x8_a55 8 8 64 8 1 0.000004891421154598826
arm64simd_mmm_f32_64x1_a53 64 1 64 32 1 0.000002071074032324907
arm64simd_mmm_f32_64x1_a55 64 1 64 32 1 0.0000022008859640559134
arm64simd_mmm_f32_64x1_gen 64 1 64 32 1 0.0000022204118439716305
arm64simd_mmm_f32_32x1_gen 32 1 64 32 1 0.0000023666276617855453
arm64simd_mmm_f32_32x3_gen 32 3 64 32 1 0.000004242796965522114
arm64simd_mmm_f32_16x4_gen 16 4 64 32 1 0.000005168281348547718
arm64simd_mmm_f32_16x4_a55 16 4 64 32 1 0.000005171188143525742
arm64simd_mmm_f32_24x4_gen 24 4 64 32 1 0.000005221512255363683
arm64simd_mmm_f32_16x4_a53 16 4 64 32 1 0.0000053530654740224976
arm64simd_mmm_f32_24x4_a55 24 4 64 32 1 0.000005883331294117646
arm64simd_mmm_f32_24x4_a53 24 4 64 32 1 0.0000061459519754601245
arm64simd_mmm_f32_12x8_a53 12 8 64 32 1 0.000007856437791798106
arm64simd_mmm_f32_8x8_a53 8 8 64 32 1 0.000008085868179362507
arm64simd_mmm_f32_12x8_gen 12 8 64 32 1 0.000008419394097807756
arm64simd_mmm_f32_8x8_gen 8 8 64 32 1 0.000008826368566371684
arm64simd_mmm_f32_8x8_a55 8 8 64 32 1 0.000009267283011152416
arm64simd_mmm_f32_12x8_a55 12 8 64 32 1 0.00000985130104228122
arm64simd_mmm_f32_64x1_a53 64 1 64 128 1 0.000006821006511627908
arm64simd_mmm_f32_64x1_a55 64 1 64 128 1 0.00000738101594095941
arm64simd_mmm_f32_32x1_gen 32 1 64 128 1 0.000007468702781936128
arm64simd_mmm_f32_64x1_gen 64 1 64 128 1 0.00000748946647676162
arm64simd_mmm_f32_32x3_gen 32 3 64 128 1 0.000012019985896510228
arm64simd_mmm_f32_16x4_a53 16 4 64 128 1 0.000012433514257178527
arm64simd_mmm_f32_24x4_a53 24 4 64 128 1 0.0000129027230487279
arm64simd_mmm_f32_16x4_a55 16 4 64 128 1 0.000014167685503546097
arm64simd_mmm_f32_16x4_gen 16 4 64 128 1 0.000014399019999999999
arm64simd_mmm_f32_24x4_gen 24 4 64 128 1 0.000015316050953846154
arm64simd_mmm_f32_24x4_a55 24 4 64 128 1 0.000017767736185383248
arm64simd_mmm_f32_8x8_a53 8 8 64 128 1 0.000022491921621621618
arm64simd_mmm_f32_12x8_a53 12 8 64 128 1 0.000022767331906392694
arm64simd_mmm_f32_8x8_gen 8 8 64 128 1 0.000024959874499999998
arm64simd_mmm_f32_12x8_gen 12 8 64 128 1 0.000025443290332480822
arm64simd_mmm_f32_8x8_a55 8 8 64 128 1 0.00002660757301333333
arm64simd_mmm_f32_12x8_a55 12 8 64 128 1 0.00003097802770186335
arm64simd_mmm_f32_64x1_a53 64 1 64 512 1 0.00002627339884210526
arm64simd_mmm_f32_32x1_gen 32 1 64 512 1 0.00002804125426966292
arm64simd_mmm_f32_64x1_a55 64 1 64 512 1 0.000029514851360946746
arm64simd_mmm_f32_64x1_gen 64 1 64 512 1 0.000029577002373887238
arm64simd_mmm_f32_32x3_gen 32 3 64 512 1 0.00004307400810344828
arm64simd_mmm_f32_16x4_a53 16 4 64 512 1 0.00004476097847533633
arm64simd_mmm_f32_24x4_a53 24 4 64 512 1 0.00004710322320754717
arm64simd_mmm_f32_16x4_a55 16 4 64 512 1 0.0000499944984
arm64simd_mmm_f32_16x4_gen 16 4 64 512 1 0.000051436529072164965
arm64simd_mmm_f32_24x4_gen 24 4 64 512 1 0.000054615768131868114
arm64simd_mmm_f32_24x4_a55 24 4 64 512 1 0.00006403418717948718
arm64simd_mmm_f32_12x8_a53 12 8 64 512 1 0.00008401047069209041
arm64simd_mmm_f32_8x8_a53 8 8 64 512 1 0.00008605982655172413
arm64simd_mmm_f32_12x8_gen 12 8 64 512 1 0.00009359595773584904
arm64simd_mmm_f32_8x8_gen 8 8 64 512 1 0.00009468265735849057
arm64simd_mmm_f32_8x8_a55 8 8 64 512 1 0.0001010743983843537
arm64simd_mmm_f32_12x8_a55 12 8 64 512 1 0.00011492078436781609
arm64simd_mmm_f32_32x1_gen 32 1 96 8 1 0.0000016393941166803616
arm64simd_mmm_f32_64x1_a53 64 1 96 8 1 0.0000018776296567700457
arm64simd_mmm_f32_64x1_gen 64 1 96 8 1 0.000001914798806426932
arm64simd_mmm_f32_64x1_a55 64 1 96 8 1 0.000001930925268765289
arm64simd_mmm_f32_32x3_gen 32 3 96 8 1 0.000003265599187950229
arm64simd_mmm_f32_24x4_a53 24 4 96 8 1 0.0000033475841691842915
arm64simd_mmm_f32_24x4_gen 24 4 96 8 1 0.000003595567281867145
arm64simd_mmm_f32_24x4_a55 24 4 96 8 1 0.000003819949385560674
arm64simd_mmm_f32_16x4_a53 16 4 96 8 1 0.00000398634394
arm64simd_mmm_f32_16x4_gen 16 4 96 8 1 0.000004126069863579992
arm64simd_mmm_f32_16x4_a55 16 4 96 8 1 0.000004171844949832776
arm64simd_mmm_f32_12x8_a53 12 8 96 8 1 0.0000056156241657334835
arm64simd_mmm_f32_12x8_gen 12 8 96 8 1 0.000005697448379629631
arm64simd_mmm_f32_12x8_a55 12 8 96 8 1 0.000006156265052436767
arm64simd_mmm_f32_8x8_a53 8 8 96 8 1 0.00000690810826446281
arm64simd_mmm_f32_8x8_gen 8 8 96 8 1 0.000006963052931374031
arm64simd_mmm_f32_8x8_a55 8 8 96 8 1 0.000007095960576923077
arm64simd_mmm_f32_32x1_gen 32 1 96 32 1 0.00000338877325989673
arm64simd_mmm_f32_64x1_a53 64 1 96 32 1 0.000003998552354838709
arm64simd_mmm_f32_64x1_a55 64 1 96 32 1 0.000004222044535379368
arm64simd_mmm_f32_64x1_gen 64 1 96 32 1 0.000004225195981107773
arm64simd_mmm_f32_32x3_gen 32 3 96 32 1 0.000005940825841760857
arm64simd_mmm_f32_24x4_gen 24 4 96 32 1 0.00000695976746703678
arm64simd_mmm_f32_16x4_a55 16 4 96 32 1 0.000007440040955937268
arm64simd_mmm_f32_16x4_gen 16 4 96 32 1 0.0000075116741141141135
arm64simd_mmm_f32_24x4_a55 24 4 96 32 1 0.000007674827290867228
arm64simd_mmm_f32_16x4_a53 16 4 96 32 1 0.000007765481932969603
arm64simd_mmm_f32_24x4_a53 24 4 96 32 1 0.000007993569080735412
arm64simd_mmm_f32_12x8_a53 12 8 96 32 1 0.000010276392600205551
arm64simd_mmm_f32_12x8_gen 12 8 96 32 1 0.000011287893151308304
arm64simd_mmm_f32_8x8_a53 8 8 96 32 1 0.00001198655109780439
arm64simd_mmm_f32_12x8_a55 12 8 96 32 1 0.000013071299501965924
arm64simd_mmm_f32_8x8_gen 8 8 96 32 1 0.000013080687114624508
arm64simd_mmm_f32_8x8_a55 8 8 96 32 1 0.000013647567826086958
arm64simd_mmm_f32_32x1_gen 32 1 96 128 1 0.000011288754446952595
arm64simd_mmm_f32_64x1_a53 64 1 96 128 1 0.000014036318260869562
arm64simd_mmm_f32_64x1_a55 64 1 96 128 1 0.000015579198814352572
arm64simd_mmm_f32_64x1_gen 64 1 96 128 1 0.00001582444082278481
arm64simd_mmm_f32_24x4_a53 24 4 96 128 1 0.000017431465479930188
arm64simd_mmm_f32_32x3_gen 32 3 96 128 1 0.000018189146593806923
arm64simd_mmm_f32_16x4_a53 16 4 96 128 1 0.00001877709526315789
arm64simd_mmm_f32_24x4_gen 24 4 96 128 1 0.00002057047316872428
arm64simd_mmm_f32_16x4_a55 16 4 96 128 1 0.000021403433390557933
arm64simd_mmm_f32_16x4_gen 16 4 96 128 1 0.000021695463478260875
arm64simd_mmm_f32_24x4_a55 24 4 96 128 1 0.00002351318804705882
arm64simd_mmm_f32_12x8_a53 12 8 96 128 1 0.000030383069665653495
arm64simd_mmm_f32_12x8_gen 12 8 96 128 1 0.00003379250766101695
arm64simd_mmm_f32_8x8_a53 8 8 96 128 1 0.000034165410684931506
arm64simd_mmm_f32_8x8_gen 8 8 96 128 1 0.000037666972798742136
arm64simd_mmm_f32_8x8_a55 8 8 96 128 1 0.00004015552851405622
arm64simd_mmm_f32_12x8_a55 12 8 96 128 1 0.00004096249967213114
arm64simd_mmm_f32_32x1_gen 32 1 96 512 1 0.000043732321048034946
arm64simd_mmm_f32_64x1_a53 64 1 96 512 1 0.00005557836088888888
arm64simd_mmm_f32_24x4_a53 24 4 96 512 1 0.00006295694918238994
arm64simd_mmm_f32_32x3_gen 32 3 96 512 1 0.00006616069403973508
arm64simd_mmm_f32_16x4_a53 16 4 96 512 1 0.00006635065413333332
arm64simd_mmm_f32_24x4_gen 24 4 96 512 1 0.00007327725411764705
arm64simd_mmm_f32_64x1_gen 64 1 96 512 1 0.00007440271074626867
arm64simd_mmm_f32_64x1_a55 64 1 96 512 1 0.00007520387218045112
arm64simd_mmm_f32_16x4_gen 16 4 96 512 1 0.0000766969583916084
arm64simd_mmm_f32_16x4_a55 16 4 96 512 1 0.00007674102461538462
arm64simd_mmm_f32_24x4_a55 24 4 96 512 1 0.00008543252
arm64simd_mmm_f32_12x8_a53 12 8 96 512 1 0.00011343134227272726
arm64simd_mmm_f32_8x8_a53 8 8 96 512 1 0.00012773912153846156
arm64simd_mmm_f32_12x8_gen 12 8 96 512 1 0.00012969136155844158
arm64simd_mmm_f32_8x8_gen 8 8 96 512 1 0.0001492061414925373
arm64simd_mmm_f32_8x8_a55 8 8 96 512 1 0.00015307902276923076
arm64simd_mmm_f32_12x8_a55 12 8 96 512 1 0.00016083585806451607
arm64simd_mmm_f32_64x1_a53 64 1 128 8 1 0.0000016093896113865347
arm64simd_mmm_f32_64x1_a55 64 1 128 8 1 0.0000016827129667298748
arm64simd_mmm_f32_64x1_gen 64 1 128 8 1 0.0000016980419355937975
arm64simd_mmm_f32_32x1_gen 32 1 128 8 1 0.0000020051945774929922
arm64simd_mmm_f32_32x3_gen 32 3 128 8 1 0.000004092838219633942
arm64simd_mmm_f32_24x4_a53 24 4 128 8 1 0.000004624158681361176
arm64simd_mmm_f32_24x4_gen 24 4 128 8 1 0.000004993007122736418
arm64simd_mmm_f32_16x4_a53 16 4 128 8 1 0.000005192795546391754
arm64simd_mmm_f32_16x4_gen 16 4 128 8 1 0.000005371776355962642
arm64simd_mmm_f32_24x4_a55 24 4 128 8 1 0.000005404163367678958
arm64simd_mmm_f32_16x4_a55 16 4 128 8 1 0.000005426938558951965
arm64simd_mmm_f32_12x8_a53 12 8 128 8 1 0.000007231501789321789
arm64simd_mmm_f32_12x8_gen 12 8 128 8 1 0.000007400988200149367
arm64simd_mmm_f32_12x8_a55 12 8 128 8 1 0.000008062640517380757
arm64simd_mmm_f32_8x8_a53 8 8 128 8 1 0.000008596889403735632
arm64simd_mmm_f32_8x8_gen 8 8 128 8 1 0.000008987790399178539
arm64simd_mmm_f32_8x8_a55 8 8 128 8 1 0.000009190369420423182
arm64simd_mmm_f32_64x1_a53 64 1 128 32 1 0.000003838093650175302
arm64simd_mmm_f32_64x1_a55 64 1 128 32 1 0.000004139312527105922
arm64simd_mmm_f32_64x1_gen 64 1 128 32 1 0.000004212779394972305
arm64simd_mmm_f32_32x1_gen 32 1 128 32 1 0.000004577710321395777
arm64simd_mmm_f32_32x3_gen 32 3 128 32 1 0.000007951576406995231
arm64simd_mmm_f32_16x4_a53 16 4 128 32 1 0.000008907122208370435
arm64simd_mmm_f32_16x4_gen 16 4 128 32 1 0.0000099458916
arm64simd_mmm_f32_16x4_a55 16 4 128 32 1 0.000009984434371257487
arm64simd_mmm_f32_24x4_gen 24 4 128 32 1 0.000010212319795291707
arm64simd_mmm_f32_24x4_a53 24 4 128 32 1 0.000011747720751173713
arm64simd_mmm_f32_24x4_a55 24 4 128 32 1 0.000011807799905213272
arm64simd_mmm_f32_12x8_a53 12 8 128 32 1 0.000014095255718309859
arm64simd_mmm_f32_12x8_gen 12 8 128 32 1 0.000015246773476263405
arm64simd_mmm_f32_8x8_a53 8 8 128 32 1 0.000015982158341307812
arm64simd_mmm_f32_8x8_gen 8 8 128 32 1 0.00001733819467128028
arm64simd_mmm_f32_12x8_a55 12 8 128 32 1 0.000017764274458259327
arm64simd_mmm_f32_8x8_a55 8 8 128 32 1 0.0000181486477676951
arm64simd_mmm_f32_64x1_a53 64 1 128 128 1 0.000013719379340659338
arm64simd_mmm_f32_32x1_gen 32 1 128 128 1 0.00001496483428571429
arm64simd_mmm_f32_64x1_a55 64 1 128 128 1 0.0000153850355624037
arm64simd_mmm_f32_64x1_gen 64 1 128 128 1 0.00001557571875389409
arm64simd_mmm_f32_32x3_gen 32 3 128 128 1 0.00002357125276595745
arm64simd_mmm_f32_16x4_a53 16 4 128 128 1 0.000024803245671641792
arm64simd_mmm_f32_24x4_a53 24 4 128 128 1 0.0000256395969151671
arm64simd_mmm_f32_16x4_a55 16 4 128 128 1 0.00002811063966101695
arm64simd_mmm_f32_16x4_gen 16 4 128 128 1 0.00002858488395415473
arm64simd_mmm_f32_24x4_gen 24 4 128 128 1 0.00002977647809523809
arm64simd_mmm_f32_24x4_a55 24 4 128 128 1 0.000034464355999999994
arm64simd_mmm_f32_12x8_a53 12 8 128 128 1 0.00004111314074074075
arm64simd_mmm_f32_8x8_a53 8 8 128 128 1 0.000045073016289592776
arm64simd_mmm_f32_12x8_gen 12 8 128 128 1 0.00004552659013698629
arm64simd_mmm_f32_8x8_gen 8 8 128 128 1 0.0000499280158
arm64simd_mmm_f32_8x8_a55 8 8 128 128 1 0.00005298646234042552
arm64simd_mmm_f32_12x8_a55 12 8 128 128 1 0.000055375601333333325
arm64simd_mmm_f32_64x1_a53 64 1 128 512 1 0.00005382588666666667
arm64simd_mmm_f32_32x1_gen 32 1 128 512 1 0.0000613430750617284
arm64simd_mmm_f32_64x1_a55 64 1 128 512 1 0.00006493846141935484
arm64simd_mmm_f32_64x1_gen 64 1 128 512 1 0.000066021640625
arm64simd_mmm_f32_16x4_a53 16 4 128 512 1 0.00009063252945454545
arm64simd_mmm_f32_32x3_gen 32 3 128 512 1 0.00009189743119266053
arm64simd_mmm_f32_24x4_a53 24 4 128 512 1 0.00009788638784313726
arm64simd_mmm_f32_16x4_a55 16 4 128 512 1 0.00010739537591397849
arm64simd_mmm_f32_16x4_gen 16 4 128 512 1 0.00011011627466666666
arm64simd_mmm_f32_24x4_gen 24 4 128 512 1 0.00012402794114583333
arm64simd_mmm_f32_24x4_a55 24 4 128 512 1 0.00013315575413333332
arm64simd_mmm_f32_12x8_a53 12 8 128 512 1 0.00015785229841269835
arm64simd_mmm_f32_8x8_a53 8 8 128 512 1 0.000173064178245614
arm64simd_mmm_f32_12x8_gen 12 8 128 512 1 0.0001935047341176471
arm64simd_mmm_f32_8x8_gen 8 8 128 512 1 0.00020959392083333333
arm64simd_mmm_f32_8x8_a55 8 8 128 512 1 0.00022078358888888894
arm64simd_mmm_f32_12x8_a55 12 8 128 512 1 0.00023148108093023264
arm64simd_mmm_f32_64x1_a53 64 1 256 8 1 0.0000026845722552731206
arm64simd_mmm_f32_64x1_a55 64 1 256 8 1 0.000002819183259217563
arm64simd_mmm_f32_64x1_gen 64 1 256 8 1 0.0000028556655619266053
arm64simd_mmm_f32_32x1_gen 32 1 256 8 1 0.000003405904013628619
arm64simd_mmm_f32_32x3_gen 32 3 256 8 1 0.000007397894918276375
arm64simd_mmm_f32_24x4_a53 24 4 256 8 1 0.000008000784620303756
arm64simd_mmm_f32_24x4_gen 24 4 256 8 1 0.000008723558917030568
arm64simd_mmm_f32_24x4_a55 24 4 256 8 1 0.00000938283391549296
arm64simd_mmm_f32_16x4_a53 16 4 256 8 1 0.00000970045785440613
arm64simd_mmm_f32_16x4_gen 16 4 256 8 1 0.000010123001906693713
arm64simd_mmm_f32_16x4_a55 16 4 256 8 1 0.000010167035731707316
arm64simd_mmm_f32_12x8_a53 12 8 256 8 1 0.000013697383452054795
arm64simd_mmm_f32_12x8_gen 12 8 256 8 1 0.000014206947639484977
arm64simd_mmm_f32_12x8_a55 12 8 256 8 1 0.00001549609623639191
arm64simd_mmm_f32_8x8_a53 8 8 256 8 1 0.00001660106169717138
arm64simd_mmm_f32_8x8_gen 8 8 256 8 1 0.00001732472811091855
arm64simd_mmm_f32_8x8_a55 8 8 256 8 1 0.00001774870384341637
arm64simd_mmm_f32_64x1_a53 64 1 256 32 1 0.000007488107128862093
arm64simd_mmm_f32_64x1_a55 64 1 256 32 1 0.000008161159245283018
arm64simd_mmm_f32_64x1_gen 64 1 256 32 1 0.0000082668925124792
arm64simd_mmm_f32_32x1_gen 32 1 256 32 1 0.000008715398597721297
arm64simd_mmm_f32_32x3_gen 32 3 256 32 1 0.000015387858830769234
arm64simd_mmm_f32_16x4_a53 16 4 256 32 1 0.00001744483972076789
arm64simd_mmm_f32_24x4_gen 24 4 256 32 1 0.000018254458321167885
arm64simd_mmm_f32_16x4_a55 16 4 256 32 1 0.000019381825730994146
arm64simd_mmm_f32_16x4_gen 16 4 256 32 1 0.000019588287529411765
arm64simd_mmm_f32_24x4_a55 24 4 256 32 1 0.000020293194471544717
arm64simd_mmm_f32_24x4_a53 24 4 256 32 1 0.000020651115123966935
arm64simd_mmm_f32_12x8_a53 12 8 256 32 1 0.00002734590615384616
arm64simd_mmm_f32_12x8_gen 12 8 256 32 1 0.00002986222861992427
arm64simd_mmm_f32_8x8_a53 8 8 256 32 1 0.000031238556249999995
arm64simd_mmm_f32_8x8_gen 8 8 256 32 1 0.00003402321972789116
arm64simd_mmm_f32_12x8_a55 12 8 256 32 1 0.00003509608684210527
arm64simd_mmm_f32_8x8_a55 8 8 256 32 1 0.00003581770551971326
arm64simd_mmm_f32_64x1_a53 64 1 256 128 1 0.000027206201420765023
arm64simd_mmm_f32_32x1_gen 32 1 256 128 1 0.000029154394069767438
arm64simd_mmm_f32_64x1_a55 64 1 256 128 1 0.00003038592441717791
arm64simd_mmm_f32_64x1_gen 64 1 256 128 1 0.00003102799130434783
arm64simd_mmm_f32_32x3_gen 32 3 256 128 1 0.00004540936981818182
arm64simd_mmm_f32_24x4_a53 24 4 256 128 1 0.000046579612093023255
arm64simd_mmm_f32_16x4_a53 16 4 256 128 1 0.00004859595590614887
arm64simd_mmm_f32_24x4_gen 24 4 256 128 1 0.00005357291118279568
arm64simd_mmm_f32_16x4_a55 16 4 256 128 1 0.00005435116502732242
arm64simd_mmm_f32_16x4_gen 16 4 256 128 1 0.000055563928044692746
arm64simd_mmm_f32_24x4_a55 24 4 256 128 1 0.00006231603
arm64simd_mmm_f32_12x8_a53 12 8 256 128 1 0.00008107681528455285
arm64simd_mmm_f32_8x8_a53 8 8 256 128 1 0.00008963689081081084
arm64simd_mmm_f32_12x8_gen 12 8 256 128 1 0.0000896375517117117
arm64simd_mmm_f32_8x8_gen 8 8 256 128 1 0.00009791249843137256
arm64simd_mmm_f32_8x8_a55 8 8 256 128 1 0.00010440893070175443
arm64simd_mmm_f32_12x8_a55 12 8 256 128 1 0.00010955736175824175
arm64simd_mmm_f32_64x1_a53 64 1 256 512 1 0.00015158701939393937
arm64simd_mmm_f32_24x4_a53 24 4 256 512 1 0.00019097845692307692
arm64simd_mmm_f32_16x4_a53 16 4 256 512 1 0.00020812607518115936
arm64simd_mmm_f32_64x1_gen 64 1 256 512 1 0.00023752900285714288
arm64simd_mmm_f32_32x1_gen 32 1 256 512 1 0.00024419906243902434
arm64simd_mmm_f32_32x3_gen 32 3 256 512 1 0.00025420692
arm64simd_mmm_f32_24x4_a55 24 4 256 512 1 0.0002559283733333333
arm64simd_mmm_f32_16x4_a55 16 4 256 512 1 0.0002615191610526315
arm64simd_mmm_f32_16x4_gen 16 4 256 512 1 0.0002639815199999999
arm64simd_mmm_f32_24x4_gen 24 4 256 512 1 0.0002677396378378379
arm64simd_mmm_f32_64x1_a55 64 1 256 512 1 0.00026857229513513515
arm64simd_mmm_f32_12x8_a53 12 8 256 512 1 0.00031818670967741935
arm64simd_mmm_f32_8x8_a53 8 8 256 512 1 0.00034913302285714294
arm64simd_mmm_f32_12x8_gen 12 8 256 512 1 0.00044656559999999994
arm64simd_mmm_f32_8x8_gen 8 8 256 512 1 0.00048532598000000014
arm64simd_mmm_f32_8x8_a55 8 8 256 512 1 0.000515242174736842
arm64simd_mmm_f32_12x8_a55 12 8 256 512 1 0.0005270714000000002
arm64simd_mmm_f32_64x1_a53 64 1 512 8 1 0.000004919704916420846
arm64simd_mmm_f32_64x1_a55 64 1 512 8 1 0.000005171035304971809
arm64simd_mmm_f32_64x1_gen 64 1 512 8 1 0.000005243794102833158
arm64simd_mmm_f32_32x1_gen 32 1 512 8 1 0.000006240558225
arm64simd_mmm_f32_32x3_gen 32 3 512 8 1 0.000013926155090655508
arm64simd_mmm_f32_24x4_a53 24 4 512 8 1 0.000015660098624999998
arm64simd_mmm_f32_24x4_gen 24 4 512 8 1 0.0000170349741056218
arm64simd_mmm_f32_24x4_a55 24 4 512 8 1 0.000018173913409090907
arm64simd_mmm_f32_16x4_a53 16 4 512 8 1 0.000018684070962962963
arm64simd_mmm_f32_16x4_a55 16 4 512 8 1 0.00001946916547597785
arm64simd_mmm_f32_16x4_gen 16 4 512 8 1 0.00001947682485436893
arm64simd_mmm_f32_12x8_a53 12 8 512 8 1 0.000026081522198952872
arm64simd_mmm_f32_12x8_gen 12 8 512 8 1 0.000027118926086956524
arm64simd_mmm_f32_12x8_a55 12 8 512 8 1 0.00002962548583333333
arm64simd_mmm_f32_8x8_a53 8 8 512 8 1 0.00003278652544547399
arm64simd_mmm_f32_8x8_gen 8 8 512 8 1 0.00003390892610169492
arm64simd_mmm_f32_8x8_a55 8 8 512 8 1 0.000035066451900584796
arm64simd_mmm_f32_64x1_a53 64 1 512 32 1 0.00001534263198767334
arm64simd_mmm_f32_64x1_a55 64 1 512 32 1 0.000016872325042589436
arm64simd_mmm_f32_32x1_gen 32 1 512 32 1 0.000017219809740932637
arm64simd_mmm_f32_64x1_gen 64 1 512 32 1 0.0000172642123183391
arm64simd_mmm_f32_32x3_gen 32 3 512 32 1 0.00002953116840236686
arm64simd_mmm_f32_24x4_gen 24 4 512 32 1 0.00003489497608391609
arm64simd_mmm_f32_16x4_a55 16 4 512 32 1 0.000037573163993710695
arm64simd_mmm_f32_16x4_gen 16 4 512 32 1 0.00003805903938931297
arm64simd_mmm_f32_24x4_a55 24 4 512 32 1 0.00003944726346456693
arm64simd_mmm_f32_24x4_a53 24 4 512 32 1 0.00004072336032520325
arm64simd_mmm_f32_16x4_a53 16 4 512 32 1 0.000041178071074380164
arm64simd_mmm_f32_12x8_a53 12 8 512 32 1 0.00005274299767195767
arm64simd_mmm_f32_12x8_gen 12 8 512 32 1 0.000056862066057142854
arm64simd_mmm_f32_8x8_a53 8 8 512 32 1 0.00006209034136645963
arm64simd_mmm_f32_8x8_gen 8 8 512 32 1 0.00006653655493333334
arm64simd_mmm_f32_12x8_a55 12 8 512 32 1 0.00006653816586666667
arm64simd_mmm_f32_8x8_a55 8 8 512 32 1 0.00006975088503496503
arm64simd_mmm_f32_64x1_a53 64 1 512 128 1 0.00005816685010111224
arm64simd_mmm_f32_32x1_gen 32 1 512 128 1 0.00007213882753623187
arm64simd_mmm_f32_64x1_a55 64 1 512 128 1 0.0000774098176744186
arm64simd_mmm_f32_64x1_gen 64 1 512 128 1 0.0000795869307936508
arm64simd_mmm_f32_24x4_a53 24 4 512 128 1 0.00009679211844660192
arm64simd_mmm_f32_16x4_a53 16 4 512 128 1 0.00010185525306122449
arm64simd_mmm_f32_32x3_gen 32 3 512 128 1 0.00010214906972789115
arm64simd_mmm_f32_16x4_a55 16 4 512 128 1 0.00011843351047619045
arm64simd_mmm_f32_24x4_gen 24 4 512 128 1 0.00011962867180722892
arm64simd_mmm_f32_16x4_gen 16 4 512 128 1 0.00012225061245303272
arm64simd_mmm_f32_24x4_a55 24 4 512 128 1 0.00012750974153846154
arm64simd_mmm_f32_12x8_a53 12 8 512 128 1 0.00016073757935483872
arm64simd_mmm_f32_8x8_a53 8 8 512 128 1 0.00018048120872727274
arm64simd_mmm_f32_12x8_gen 12 8 512 128 1 0.00018637392301886795
arm64simd_mmm_f32_8x8_gen 8 8 512 128 1 0.00020661076250000002
arm64simd_mmm_f32_8x8_a55 8 8 512 128 1 0.0002181610666666667
arm64simd_mmm_f32_12x8_a55 12 8 512 128 1 0.0002221248453333333
arm64simd_mmm_f32_64x1_a53 64 1 512 512 1 0.00033277523132183907
arm64simd_mmm_f32_24x4_a53 24 4 512 512 1 0.00038422672307692314
arm64simd_mmm_f32_16x4_a53 16 4 512 512 1 0.0003990258816666666
arm64simd_mmm_f32_64x1_gen 64 1 512 512 1 0.00047356173904761906
arm64simd_mmm_f32_24x4_a55 24 4 512 512 1 0.0005097446315789475
arm64simd_mmm_f32_32x1_gen 32 1 512 512 1 0.0005161329166666666
arm64simd_mmm_f32_32x3_gen 32 3 512 512 1 0.0005193884042105262
arm64simd_mmm_f32_16x4_gen 16 4 512 512 1 0.000525234732631579
arm64simd_mmm_f32_16x4_a55 16 4 512 512 1 0.0005270806105263159
arm64simd_mmm_f32_24x4_gen 24 4 512 512 1 0.0005356807307692308
arm64simd_mmm_f32_12x8_a53 12 8 512 512 1 0.0006026512225
arm64simd_mmm_f32_64x1_a55 64 1 512 512 1 0.0006275130746666668
arm64simd_mmm_f32_8x8_a53 8 8 512 512 1 0.0006806446675824175
arm64simd_mmm_f32_12x8_gen 12 8 512 512 1 0.0007681460895061729
arm64simd_mmm_f32_8x8_gen 8 8 512 512 1 0.0008727322132867134
arm64simd_mmm_f32_8x8_a55 8 8 512 512 1 0.0009253979814814816
arm64simd_mmm_f32_12x8_a55 12 8 512 512 1 0.0009324846355555556
